ekmanMetric <-
list(nobj = 14L, ndim = 2L, name = "ekman", snew = 0.52785281847690113, 
    itel = 53, xnew = c(-0.15763201952783443, -0.54429798623575454, 
    -0.21698350949501335, -0.50815296767356311, -0.47785803134849703, 
    -0.31203060749310291, -0.51314250372939008, -0.23393520341520987, 
    -0.53380278774315071, 0.091752541473352323, -0.4368053955744543, 
    0.36071656810340796, -0.26506735606417958, 0.52174932920117745, 
    -0.1374661803285355, 0.57443861928124906, 0.31621750950784822, 
    0.46015802428308478, 0.45754781031716191, 0.24454892546807466, 
    0.52102472543072709, 0.033574906094613187, 0.51287270547823727, 
    -0.13074210814545753, 0.48244797959197588, -0.22250394454573025, 
    0.44864705348510447, -0.33527609639614137), evec = c(0.14000000000000001, 
    0.57999999999999996, 0.5, 0.57999999999999996, 0.56000000000000005, 
    0.19, 0.81999999999999995, 0.78000000000000003, 0.53000000000000003, 
    0.46000000000000002, 0.93999999999999995, 0.91000000000000003, 
    0.82999999999999996, 0.75, 0.39000000000000001, 0.93000000000000005, 
    0.93000000000000005, 0.90000000000000002, 0.90000000000000002, 
    0.68999999999999995, 0.38, 0.95999999999999996, 0.93000000000000005, 
    0.92000000000000004, 0.91000000000000003, 0.73999999999999999, 
    0.55000000000000004, 0.27000000000000002, 0.97999999999999998, 
    0.97999999999999998, 0.97999999999999998, 0.97999999999999998, 
    0.93000000000000005, 0.85999999999999999, 0.78000000000000003, 
    0.67000000000000004, 0.93000000000000005, 0.95999999999999996, 
    0.98999999999999999, 0.98999999999999999, 0.97999999999999998, 
    0.92000000000000004, 0.85999999999999999, 0.81000000000000005, 
    0.41999999999999998, 0.91000000000000003, 0.93000000000000005, 
    0.97999999999999998, 1, 0.97999999999999998, 0.97999999999999998, 
    0.94999999999999996, 0.95999999999999996, 0.63, 0.26000000000000001, 
    0.88, 0.89000000000000001, 0.98999999999999999, 0.98999999999999999, 
    0.98999999999999999, 0.97999999999999998, 0.97999999999999998, 
    0.96999999999999997, 0.72999999999999998, 0.5, 0.23999999999999999, 
    0.87, 0.87, 0.94999999999999996, 0.97999999999999998, 0.97999999999999998, 
    0.97999999999999998, 0.97999999999999998, 0.97999999999999998, 
    0.80000000000000004, 0.58999999999999997, 0.38, 0.14999999999999999, 
    0.83999999999999997, 0.85999999999999999, 0.96999999999999997, 
    0.95999999999999996, 1, 0.98999999999999999, 1, 0.97999999999999998, 
    0.77000000000000002, 0.71999999999999997, 0.45000000000000001, 
    0.32000000000000001, 0.23999999999999999), dvec = c(0.0694914507560844, 
    0.39559175152491421, 0.32637324693521969, 0.47192452928125816, 
    0.40361557465088899, 0.085696476761226284, 0.73896192098019131, 
    0.67842543803611211, 0.40764034044402886, 0.32634238846053454, 
    0.94709509420067228, 0.89624546403360505, 0.67399857653935658, 
    0.59953155334118047, 0.28591981692177471, 1.0714472596852198, 
    1.0310241497699042, 0.86050499959144577, 0.79536179926167172, 
    0.50706604076385475, 0.23542621850933251, 1.1189183408963854, 
    1.0855079685488764, 0.94957585387304, 0.89140391360194826, 
    0.6245546862257122, 0.367805765239897, 0.13805151697196469, 
    1.1106148086689467, 1.105409201974435, 1.1076241454711422, 
    1.0814820573146411, 0.92642166722446029, 0.75956046420658629, 
    0.58453877868333415, 0.46785568802429933, 1.0003627707750762, 
    1.0107188735482091, 1.0884690464746907, 1.0822138177721579, 
    1.003056699911028, 0.90186616417518517, 0.77395913491225676, 
    0.68034466202673183, 0.25780135263157927, 0.8913540582552002, 
    0.91549180446118461, 1.0569815196175814, 1.0682057463610051, 
    1.0564306507323844, 1.0121562170567728, 0.92534049298861976, 
    0.85214073321822237, 0.47320096409187529, 0.22031648963009659, 
    0.78778490119987987, 0.82166237070029147, 1.0071806753949191, 
    1.0311915556465363, 1.0700623613692957, 1.0693082465217096, 
    1.015350094875308, 0.95928125423488475, 0.62276498986874729, 
    0.37934707582278443, 0.16451910709117468, 0.71641734382998956, 
    0.75551292003534154, 0.96447014366796036, 0.99565610737815102, 
    1.0637305867155911, 1.0886564812325317, 1.0548422216256439, 
    1.0096588610560859, 0.70260937431094961, 0.46771615518180099, 
    0.25896822790602503, 0.096674187686292767, 0.64129904475646293, 
    0.68771393689229443, 0.92679664704662179, 0.96711381385906492, 
    1.0712428053854546, 1.1262467884894289, 1.1152940592142275, 
    1.08217816775773, 0.80638267866984703, 0.57989333454698555, 
    0.3758850747698062, 0.21438070511049701, 0.11772875960721903
    ), wvec = numeric(0), delta = c(0.14000000000000001, 0.57999999999999996, 
    0.5, 0.57999999999999996, 0.56000000000000005, 0.19, 0.81999999999999995, 
    0.78000000000000003, 0.53000000000000003, 0.46000000000000002, 
    0.93999999999999995, 0.91000000000000003, 0.82999999999999996, 
    0.75, 0.39000000000000001, 0.93000000000000005, 0.93000000000000005, 
    0.90000000000000002, 0.90000000000000002, 0.68999999999999995, 
    0.38, 0.95999999999999996, 0.93000000000000005, 0.92000000000000004, 
    0.91000000000000003, 0.73999999999999999, 0.55000000000000004, 
    0.27000000000000002, 0.97999999999999998, 0.97999999999999998, 
    0.97999999999999998, 0.97999999999999998, 0.93000000000000005, 
    0.85999999999999999, 0.78000000000000003, 0.67000000000000004, 
    0.93000000000000005, 0.95999999999999996, 0.98999999999999999, 
    0.98999999999999999, 0.97999999999999998, 0.92000000000000004, 
    0.85999999999999999, 0.81000000000000005, 0.41999999999999998, 
    0.91000000000000003, 0.93000000000000005, 0.97999999999999998, 
    1, 0.97999999999999998, 0.97999999999999998, 0.94999999999999996, 
    0.95999999999999996, 0.63, 0.26000000000000001, 0.88, 0.89000000000000001, 
    0.98999999999999999, 0.98999999999999999, 0.98999999999999999, 
    0.97999999999999998, 0.97999999999999998, 0.96999999999999997, 
    0.72999999999999998, 0.5, 0.23999999999999999, 0.87, 0.87, 
    0.94999999999999996, 0.97999999999999998, 0.97999999999999998, 
    0.97999999999999998, 0.97999999999999998, 0.97999999999999998, 
    0.80000000000000004, 0.58999999999999997, 0.38, 0.14999999999999999, 
    0.83999999999999997, 0.85999999999999999, 0.96999999999999997, 
    0.95999999999999996, 1, 0.98999999999999999, 1, 0.97999999999999998, 
    0.77000000000000002, 0.71999999999999997, 0.45000000000000001, 
    0.32000000000000001, 0.23999999999999999), haveweights = 0L, 
    ordinal = 1L, degree = 3L, innerKnots = numeric(0), intercept = 0L, 
    anchor = 1L, basis = numeric(0), coef = numeric(0), transform = 0L)
