ekman5003 <-
list(nobj = 14L, ndim = 2L, name = "ekman", snew = 0.046759485210292155, 
    itel = 3191, xnew = c(-0.24723333039991691, -0.60029281332657913, 
    -0.28240789114849052, -0.58489100264653548, -0.61264228362396655, 
    -0.35418820076952834, -0.64214445557202826, -0.32647226616301783, 
    -0.67076547254977303, 0.095998697255723991, -0.52853464570071929, 
    0.45963398624225221, -0.37045677338237998, 0.60476274742902203, 
    -0.20998106439677486, 0.67514191715401695, 0.40493084244253896, 
    0.51366596287307364, 0.57635540381365846, 0.24854717886704211, 
    0.6844828290303594, -0.010276973221022036, 0.66796189860816479, 
    -0.15354511321638495, 0.63570643546585803, -0.23413788893972554, 
    0.59472850741347005, -0.33394623153833802), evec = c(0, 0.46055604052747789, 
    0.41289091800513039, 0.46055604052747789, 0.44293417237976451, 
    0.063643567321107153, 0.84258058701079963, 0.80394583731627567, 
    0.41926363310485448, 0.41289091800513072, 1.1749120855518511, 
    1.088940511179497, 0.84258058701079963, 0.79427333505935771, 
    0.3473524620665065, 1.1749120855518507, 1.1749120855518507, 
    1.0053023174493974, 1.0053023174493974, 0.60310928481479908, 
    0.22185408042260854, 1.2158142316809464, 1.1749120855518507, 
    1.1150794636854959, 1.088940511179497, 0.7400873536935052, 
    0.41926363310485448, 0.21681049716011974, 1.3113681338030085, 
    1.3113681338030085, 1.3113681338030085, 1.3113681338030085, 
    1.1749120855518507, 0.95298654357327683, 0.80394583731627567, 
    0.60310928481479931, 1.1749120855518507, 1.2158142316809464, 
    1.3392009225436803, 1.3392009225436803, 1.3113681338030085, 
    1.1150794636854959, 0.95298654357327683, 0.84258058701079963, 
    0.3473524620665065, 1.088940511179497, 1.1749120855518507, 
    1.3113681338030085, 1.3489036759090944, 1.3113681338030085, 
    1.3113681338030085, 1.2158142316809464, 1.2158142316809464, 
    0.59385642517743842, 0.21681049716011969, 1.0053023174493991, 
    1.0053023174493991, 1.3392009225436803, 1.3392009225436803, 
    1.3392009225436803, 1.3113681338030085, 1.3113681338030085, 
    1.2158142316809473, 0.71718601913413926, 0.41289091800513039, 
    0.12605521566606179, 0.96934245897840399, 0.96934245897840399, 
    1.2158142316809464, 1.3113681338030085, 1.3113681338030085, 
    1.3113681338030085, 1.3113681338030085, 1.3113681338030085, 
    0.80394583731627611, 0.48632039428634899, 0.22185408042260854, 
    0.063643567321107181, 0.88308562171019489, 0.95298654357327683, 
    1.2158142316809473, 1.2158142316809464, 1.3489036759090944, 
    1.3392009225436803, 1.3489036759090944, 1.3113681338030085, 
    0.80394583731627567, 0.60310928481479908, 0.34735246206650638, 
    0.21681049716011963, 0.12605521566606179), dvec = c(0.038398769460478821, 
    0.44055780939412686, 0.40283810242769785, 0.48055435575349337, 
    0.44293412506713437, 0.040479021489721802, 0.81498548646158808, 
    0.78385738145713901, 0.45392350483809929, 0.42343934340682166, 
    1.0966199206809015, 1.0731313208175106, 0.81815685955057893, 
    0.79427339686637699, 0.39046156213189714, 1.2113393089504065, 
    1.1929076455163974, 0.98906053526661164, 0.97005816691235058, 
    0.59078437144558071, 0.21459489984689673, 1.275978637375438, 
    1.2621127541604311, 1.1052857318965212, 1.0908694554775771, 
    0.74008725157988731, 0.38460376031370092, 0.17523036467921954, 
    1.2908223206202751, 1.2958633960360839, 1.3373951982284671, 
    1.3424600268165137, 1.1539360930555527, 0.9350279525517754, 
    0.78072055111357541, 0.63576028264095141, 1.1827204807014997, 
    1.1967011319368366, 1.3330436746774883, 1.3473638222416455, 
    1.2564161410549499, 1.1248731758575023, 1.0116040876610954, 
    0.89459941424739964, 0.3157124480822977, 1.1028207893030357, 
    1.124748393010899, 1.3419420592232805, 1.3637886256785465, 
    1.3594088704547709, 1.3008565269954475, 1.2211353007410901, 
    1.1268827409840732, 0.59385647549563569, 0.28050219569211687, 
    1.0184133810751423, 1.0436771596669139, 1.2962271097818023, 
    1.3214698102830595, 1.3617867261918746, 1.3444673995884044, 
    1.2858243075378615, 1.2072721485207916, 0.71718613801722209, 
    0.41239539430192473, 0.14421754775250445, 0.95585148365206396, 
    0.98283348717345864, 1.2541078908226513, 1.2811824760523118, 
    1.3475381300648934, 1.35527735532969, 1.3100071299575713, 
    1.2417637106928936, 0.78260333191299625, 0.48632028504042907, 
    0.22911317324757999, 0.086807893657877583, 0.88308563455894595, 
    0.91232753977329439, 1.2075404607584468, 1.2368955439821736, 
    1.3365356916741655, 1.3753143906746266, 1.3463867102206954, 
    1.2906650947454927, 0.86860208711661901, 0.58278310210710471, 
    0.33588335330675351, 0.19469898067962887, 0.1078929832739307
    ), wvec = numeric(0), delta = c(0.14000000000000001, 0.57999999999999996, 
    0.5, 0.57999999999999996, 0.56000000000000005, 0.19, 0.81999999999999995, 
    0.78000000000000003, 0.53000000000000003, 0.46000000000000002, 
    0.93999999999999995, 0.91000000000000003, 0.82999999999999996, 
    0.75, 0.39000000000000001, 0.93000000000000005, 0.93000000000000005, 
    0.90000000000000002, 0.90000000000000002, 0.68999999999999995, 
    0.38, 0.95999999999999996, 0.93000000000000005, 0.92000000000000004, 
    0.91000000000000003, 0.73999999999999999, 0.55000000000000004, 
    0.27000000000000002, 0.97999999999999998, 0.97999999999999998, 
    0.97999999999999998, 0.97999999999999998, 0.93000000000000005, 
    0.85999999999999999, 0.78000000000000003, 0.67000000000000004, 
    0.93000000000000005, 0.95999999999999996, 0.98999999999999999, 
    0.98999999999999999, 0.97999999999999998, 0.92000000000000004, 
    0.85999999999999999, 0.81000000000000005, 0.41999999999999998, 
    0.91000000000000003, 0.93000000000000005, 0.97999999999999998, 
    1, 0.97999999999999998, 0.97999999999999998, 0.94999999999999996, 
    0.95999999999999996, 0.63, 0.26000000000000001, 0.88, 0.89000000000000001, 
    0.98999999999999999, 0.98999999999999999, 0.98999999999999999, 
    0.97999999999999998, 0.97999999999999998, 0.96999999999999997, 
    0.72999999999999998, 0.5, 0.23999999999999999, 0.87, 0.87, 
    0.94999999999999996, 0.97999999999999998, 0.97999999999999998, 
    0.97999999999999998, 0.97999999999999998, 0.97999999999999998, 
    0.80000000000000004, 0.58999999999999997, 0.38, 0.14999999999999999, 
    0.83999999999999997, 0.85999999999999999, 0.96999999999999997, 
    0.95999999999999996, 1, 0.98999999999999999, 1, 0.97999999999999998, 
    0.77000000000000002, 0.71999999999999997, 0.45000000000000001, 
    0.32000000000000001, 0.23999999999999999), haveweights = 0L, 
    ordinal = 1L, degree = 0L, innerKnots = c(0.14901960784313725, 
    0.18215686274509804, 0.22529411764705881, 0.25215686274509802, 
    0.26509803921568631, 0.2905882352941177, 0.33882352941176475, 
    0.38215686274509802, 0.39352941176470596, 0.42058823529411765, 
    0.44764705882352945, 0.45823529411764707, 0.48901960784313725, 
    0.51882352941176468, 0.5405882352941177, 0.55431372549019609, 
    0.56666666666666665, 0.58235294117647052, 0.59549019607843134, 
    0.6315686274509803, 0.66764705882352937, 0.68686274509803924, 
    0.71235294117647052, 0.72647058823529409, 0.73549019607843125, 
    0.74450980392156862, 0.75705882352941178, 0.77254901960784328, 
    0.78313725490196084, 0.80058823529411771, 0.80960784313725498, 
    0.81862745098039214, 0.82764705882352929, 0.83666666666666656, 
    0.85137254901960779, 0.86470588235294121, 0.87372549019607848, 
    0.88274509803921575, 0.8917647058823529, 0.90078431372549017, 
    0.90980392156862755, 0.91882352941176482, 0.92784313725490197, 
    0.93686274509803924, 0.9458823529411764, 0.95490196078431366, 
    0.96392156862745093, 0.9729411764705882, 0.98196078431372547, 
    0.99098039215686273),