ekman3003 <-
list(nobj = 14L, ndim = 2L, name = "ekman", snew = 0.06257223555814416, 
    itel = 1682, xnew = c(-0.24604089860905132, -0.59177794354981172, 
    -0.28980445384655446, -0.58245667077965402, -0.61537608616559691, 
    -0.35743403099403404, -0.63724674451501839, -0.33663960291035683, 
    -0.67065125834992845, 0.092599201264508768, -0.52527171082339519, 
    0.45929614347640058, -0.36139769303724684, 0.62004089473177837, 
    -0.21698825914360897, 0.66287350446065563, 0.40607690063850099, 
    0.51384217037585111, 0.57555911364700774, 0.25238501539144464, 
    0.67978198712869276, -0.0012127633813577383, 0.66810436480229618, 
    -0.16148473539424926, 0.65096407649804688, -0.21544637971028657, 
    0.58229066177585609, -0.35458480298088896), evec = c(0, 0.44335598499091011, 
    0.4146490358104743, 0.44335598499091011, 0.44335598499091011, 
    0.030178584272352382, 0.82241548054927194, 0.80994069168674399, 
    0.4146490358104743, 0.41464903581047452, 1.1745072756510155, 
    1.0512065793829903, 0.84165409687396953, 0.80994069168674421, 
    0.35754035255613548, 1.1745072756510155, 1.1745072756510155, 
    1.0512065793829903, 1.0512065793829903, 0.61177416906322812, 
    0.21900774507613746, 1.2108598679563773, 1.1745072756510155, 
    1.1077170220432295, 1.0512065793829903, 0.72871323880930394, 
    0.41464903581047441, 0.18516668295545863, 1.3125062213363403, 
    1.3125062213363403, 1.3125062213363403, 1.3125062213363403, 
    1.1745072756510155, 0.9469423446258558, 0.80994069168674399, 
    0.61177416906322768, 1.1745072756510155, 1.2108598679563773, 
    1.3427572076228722, 1.3427572076228722, 1.3125062213363403, 
    1.1077170220432295, 0.9469423446258558, 0.82241548054927216, 
    0.35754035255613559, 1.0512065793829903, 1.1745072756510155, 
    1.3125062213363403, 1.3427572076228722, 1.3125062213363403, 
    1.3125062213363403, 1.2108598679563769, 1.2108598679563773, 
    0.61177416906322768, 0.18516668295545857, 0.99764215285266378, 
    1.0463301155471867, 1.3427572076228722, 1.3427572076228722, 
    1.3427572076228722, 1.3125062213363403, 1.3125062213363403, 
    1.2108598679563773, 0.66569298989220949, 0.4146490358104743, 
    0.18516668295545857, 0.99764215285266378, 0.99764215285266378, 
    1.2108598679563769, 1.3125062213363403, 1.3125062213363403, 
    1.3125062213363403, 1.3125062213363403, 1.3125062213363403, 
    0.82241548054927216, 0.47386919338844474, 0.21900774507613746, 
    0, 0.84165409687396953, 0.9469423446258558, 1.2108598679563773, 
    1.2108598679563773, 1.3427572076228722, 1.3427572076228722, 
    1.3427572076228722, 1.3125062213363403, 0.80994069168674421, 
    0.66569298989220949, 0.35754035255613559, 0.21900774507613746, 
    0.18516668295545857), dvec = c(0.044745222013994647, 0.43740776184171526, 
    0.39576770483071844, 0.46705201716217615, 0.42560800767937629, 
    0.030178368676327443, 0.8053980593119644, 0.77507723413975749, 
    0.45341510208315627, 0.43053665645797834, 1.0875323364883767, 
    1.0680326563914642, 0.82168544854239389, 0.80377367495239904, 
    0.39446401644075352, 1.2172970413316921, 1.2046269077846206, 
    1.0099318069051699, 0.99565570041555507, 0.61141843909570315, 
    0.22955079778020401, 1.2549877735877235, 1.2474571910791479, 
    1.095326584916537, 1.0842710207015256, 0.72871317933376489, 
    0.36943528321604141, 0.1506277433066939, 1.2836095435966761, 
    1.298507608232951, 1.3425678468235971, 1.3460473525208834, 
    1.1561959900399033, 0.93294453485859363, 0.77478733920513987, 
    0.64064071980588533, 1.1779803399834878, 1.2024203694690923, 
    1.3379857695383697, 1.3482759548985928, 1.2564122721738076, 
    1.1201074586974127, 1.0065082727953454, 0.89254251314748734, 
    0.31158315811160398, 1.0981417248165932, 1.1304611211406987, 
    1.3432527782658628, 1.3590716848832718, 1.3536877908899965, 
    1.2900476224710968, 1.2124401981579964, 1.1158886350060291, 
    0.58326328459645582, 0.27417921284313029, 1.0103533083046783, 
    1.0463300985957396, 1.2983521072739854, 1.3170500165941037, 
    1.3626537584396534, 1.3451822766626063, 1.2925388959871726, 
    1.2095269573598286, 0.72437892130647141, 0.42409054944293184, 
    0.16069683219061615, 0.972750415733033, 1.009822747534221, 
    1.2742754414537145, 1.293899113812502, 1.3570405938156105, 
    1.3560265852747981, 1.3125986965448586, 1.2348226900554844, 
    0.7693058677712038, 0.47386930968928426, 0.21616316600773264, 
    0.05661844699780548, 0.86162274799510974, 0.90137421686365282, 
    1.1976701370681857, 1.21966942879956, 1.3303522048169936, 
    1.3744441073408173, 1.3566292646304532, 1.2938578750419218, 
    0.88612453846382166, 0.60700714506104014, 0.36657380824301306, 
    0.21130931765796526, 0.15516294248252485), wvec = numeric(0), 
    delta = c(0.14000000000000001, 0.57999999999999996, 0.5, 
    0.57999999999999996, 0.56000000000000005, 0.19, 0.81999999999999995, 
    0.78000000000000003, 0.53000000000000003, 0.46000000000000002, 
    0.93999999999999995, 0.91000000000000003, 0.82999999999999996, 
    0.75, 0.39000000000000001, 0.93000000000000005, 0.93000000000000005, 
    0.90000000000000002, 0.90000000000000002, 0.68999999999999995, 
    0.38, 0.95999999999999996, 0.93000000000000005, 0.92000000000000004, 
    0.91000000000000003, 0.73999999999999999, 0.55000000000000004, 
    0.27000000000000002, 0.97999999999999998, 0.97999999999999998, 
    0.97999999999999998, 0.97999999999999998, 0.93000000000000005, 
    0.85999999999999999, 0.78000000000000003, 0.67000000000000004, 
    0.93000000000000005, 0.95999999999999996, 0.98999999999999999, 
    0.98999999999999999, 0.97999999999999998, 0.92000000000000004, 
    0.85999999999999999, 0.81000000000000005, 0.41999999999999998, 
    0.91000000000000003, 0.93000000000000005, 0.97999999999999998, 
    1, 0.97999999999999998, 0.97999999999999998, 0.94999999999999996, 
    0.95999999999999996, 0.63, 0.26000000000000001, 0.88, 0.89000000000000001, 
    0.98999999999999999, 0.98999999999999999, 0.98999999999999999, 
    0.97999999999999998, 0.97999999999999998, 0.96999999999999997, 
    0.72999999999999998, 0.5, 0.23999999999999999, 0.87, 0.87, 
    0.94999999999999996, 0.97999999999999998, 0.97999999999999998, 
    0.97999999999999998, 0.97999999999999998, 0.97999999999999998, 
    0.80000000000000004, 0.58999999999999997, 0.38, 0.14999999999999999, 
    0.83999999999999997, 0.85999999999999999, 0.96999999999999997, 
    0.95999999999999996, 1, 0.98999999999999999, 1, 0.97999999999999998, 
    0.77000000000000002, 0.71999999999999997, 0.45000000000000001, 
    0.32000000000000001, 0.23999999999999999), haveweights = 0L, 
    ordinal = 1L, degree = 0L, innerKnots = c(0.16935483870967741, 
    0.23838709677419356, 0.26451612903225807, 0.3167741935483871, 
    0.38419354838709674, 0.41709677419354835, 0.45387096774193547, 
    0.49483870967741939, 0.5370967741935484, 0.55838709677419351, 
    0.58322580645161293, 0.62225806451612897, 0.67580645161290331, 
    0.71322580645161282, 0.73258064516129029, 0.74741935483870969, 
    0.77225806451612899, 0.79419354838709677, 0.81193548387096781, 
    0.8267741935483871, 0.84322580645161282, 0.86645161290322581, 
    0.88129032258064521, 0.89612903225806451, 0.91096774193548391, 
    0.92580645161290331, 0.9406451612903225, 0.9554838709677419, 
    0.9703225806451613, 0.9851612903225806),