ekman533 <-
list(nobj = 14L, ndim = 2L, name = "ekman", snew = 0.078690155499552328, 
    itel = 6577, xnew = c(-0.22860689359242362, -0.60415712541868605, 
    -0.28988256302761573, -0.57006097480156925, -0.61705940365833345, 
    -0.37240118474187867, -0.65581788053175083, -0.30737323274344847, 
    -0.66497969855892713, 0.090912212740697884, -0.53964408704387312, 
    0.43624388468763653, -0.34389525125885756, 0.62587736603687882, 
    -0.21912546421482654, 0.677082345018441, 0.39807866336142639, 
    0.49463302507111223, 0.57196658301874936, 0.25937516802377164, 
    0.68159043847821388, 0.013845569819399346, 0.67207536499167664, 
    -0.15258107363718443, 0.62703100543578294, -0.24104540972469962, 
    0.60826918660075824, -0.35035057033047096), evec = c(0.064670012129183593, 
    0.48733121764007875, 0.39929480990305238, 0.48733121764007875, 
    0.46252403928776936, 0.10661963170693411, 0.84140520020809328, 
    0.77418307141060805, 0.42910944023968983, 0.36315036910648568, 
    1.177143553859993, 1.0881304976511892, 0.86226323426971407, 
    0.73278043039444052, 0.30215322280131923, 1.1480550748817879, 
    1.1480550748817879, 1.0573658689241299, 1.0573658689241299, 
    0.6467815346070086, 0.29299407146778, 1.2364102366735552, 
    1.1480550748817879, 1.1184708737620517, 1.0881304976511892, 
    0.71917143640665271, 0.450914716235986, 0.18408336887464236, 
    1.301456552896378, 1.301456552896378, 1.301456552896378, 
    1.301456552896378, 1.1480550748817879, 0.93772241552439917, 
    0.77418307141060805, 0.6166749104418614, 1.1480550748817879, 
    1.2364102366735552, 1.3377695736361508, 1.3377695736361508, 
    1.301456552896378, 1.1184708737620517, 0.93772241552439917, 
    0.82245411518564526, 0.32862614866193235, 1.0881304976511892, 
    1.1480550748817879, 1.301456552896378, 1.3774745028480997, 
    1.301456552896378, 1.301456552896378, 1.206378941110624, 
    1.2364102366735552, 0.55686792125611295, 0.17401211573880826, 
    0.99609537115553659, 1.026559866964402, 1.3377695736361508, 
    1.3377695736361508, 1.3377695736361508, 1.301456552896378, 
    1.301456552896378, 1.2678864405888446, 0.70523847385388672, 
    0.39929480990305238, 0.15409243743800147, 0.96635526088102763, 
    0.96635526088102763, 1.206378941110624, 1.301456552896378, 
    1.301456552896378, 1.301456552896378, 1.301456552896378, 
    1.301456552896378, 0.80512403090808726, 0.50048603523367619, 
    0.29299407146778, 0.072486094842208346, 0.8853100370988819, 
    0.93772241552439917, 1.2678864405888446, 1.2364102366735552, 
    1.3774745028480997, 1.3377695736361508, 1.3774745028480997, 
    1.301456552896378, 0.76000029960214766, 0.69097893819183942, 
    0.35447410860573703, 0.23467386567306581, 0.15409243743800147
    ), dvec = c(0.070123142767819835, 0.45233413381647158, 0.38224871177224257, 
    0.52018257017430036, 0.45045921727104882, 0.075702404655713373, 
    0.82069641754040701, 0.75998908922008879, 0.46578499219082597, 
    0.39839080686440048, 1.0858998100839741, 1.0368366742696333, 
    0.81234227980524487, 0.75263720850744564, 0.36737307898581878, 
    1.2354255362359052, 1.1971574188791487, 1.0349776418363155, 
    0.98399817417328295, 0.62392542626438741, 0.27254075651142967, 
    1.2812745521975577, 1.2491489211475464, 1.1223934690647519, 
    1.0769647399312614, 0.73646549291672259, 0.4009181357269101, 
    0.13486826769672353, 1.2649405448905298, 1.2676213797422338, 
    1.3350107175969232, 1.3243534131053158, 1.1371383271869413, 
    0.93953884876699001, 0.75349211476463818, 0.64360600482469577, 
    1.177542319099951, 1.1961388989435249, 1.3464487204893019, 
    1.3522789796148542, 1.2483652794000428, 1.1255935433056619, 
    0.98647187523759727, 0.89459818516978129, 0.29254618080784878, 
    1.1001756744402433, 1.1334490043693826, 1.3548719378193643, 
    1.375442667244611, 1.348773665746549, 1.2922206091572304, 
    1.1942377566618432, 1.1185580706161673, 0.55815365604579692, 
    0.26889063442261807, 1.0075462577324801, 1.0486431820001474, 
    1.3077420743359125, 1.3368848432185625, 1.3590457032334897, 
    1.3472115134556861, 1.2799194644133931, 1.2176125435596081, 
    0.70282308020656892, 0.42394541307994255, 0.1666984231349507, 
    0.92949789258913007, 0.97415693504441858, 1.2510057096713547, 
    1.2845624330232257, 1.3339743334673968, 1.3490187395799862, 
    1.301634701086763, 1.2485749257298353, 0.77048162493660344, 
    0.50344100473663778, 0.26066481002786274, 0.099272015629811153, 
    0.8745166327779319, 0.92463464524825323, 1.2255269820376271, 
    1.2648174432848946, 1.3475442728474991, 1.3915587377019945, 
    1.3636854844386121, 1.3191665185792913, 0.87073378971842519, 
    0.61080549689607311, 0.37150347841836046, 0.20780760867487402, 
    0.1109036698267995), wvec = numeric(0), delta = c(0.14000000000000001, 
    0.57999999999999996, 0.5, 0.57999999999999996, 0.56000000000000005, 
    0.19, 0.81999999999999995, 0.78000000000000003, 0.53000000000000003, 
    0.46000000000000002, 0.93999999999999995, 0.91000000000000003, 
    0.82999999999999996, 0.75, 0.39000000000000001, 0.93000000000000005, 
    0.93000000000000005, 0.90000000000000002, 0.90000000000000002, 
    0.68999999999999995, 0.38, 0.95999999999999996, 0.93000000000000005, 
    0.92000000000000004, 0.91000000000000003, 0.73999999999999999, 
    0.55000000000000004, 0.27000000000000002, 0.97999999999999998, 
    0.97999999999999998, 0.97999999999999998, 0.97999999999999998, 
    0.93000000000000005, 0.85999999999999999, 0.78000000000000003, 
    0.67000000000000004, 0.93000000000000005, 0.95999999999999996, 
    0.98999999999999999, 0.98999999999999999, 0.97999999999999998, 
    0.92000000000000004, 0.85999999999999999, 0.81000000000000005, 
    0.41999999999999998, 0.91000000000000003, 0.93000000000000005, 
    0.97999999999999998, 1, 0.97999999999999998, 0.97999999999999998, 
    0.94999999999999996, 0.95999999999999996, 0.63, 0.26000000000000001, 
    0.88, 0.89000000000000001, 0.98999999999999999, 0.98999999999999999, 
    0.98999999999999999, 0.97999999999999998, 0.97999999999999998, 
    0.96999999999999997, 0.72999999999999998, 0.5, 0.23999999999999999, 
    0.87, 0.87, 0.94999999999999996, 0.97999999999999998, 0.97999999999999998, 
    0.97999999999999998, 0.97999999999999998, 0.97999999999999998, 
    0.80000000000000004, 0.58999999999999997, 0.38, 0.14999999999999999, 
    0.83999999999999997, 0.85999999999999999, 0.96999999999999997, 
    0.95999999999999996, 1, 0.98999999999999999, 1, 0.97999999999999998, 
    0.77000000000000002, 0.71999999999999997, 0.45000000000000001, 
    0.32000000000000001, 0.23999999999999999), haveweights = 0L, 
    ordinal = 1L, degree = 3L, innerKnots = c(0.38666666666666671, 
    0.56666666666666665, 0.73999999999999999, 0.83666666666666656, 
    0.92333333333333334),