ekman3Metric <-
list(nobj = 14L, ndim = 2L, name = "ekman", snew = 0.2426953938014505, 
    itel = 26, xnew = c(-0.18620113583298739, -0.40325785819899301, 
    -0.22727104010095545, -0.37899354503753818, -0.42184984661449565, 
    -0.26773746732061388, -0.44275194843528476, -0.23108261465158458, 
    -0.45903022523949577, 0.046535901446202899, -0.37634079687601041, 
    0.29701110910209749, -0.26521398740397156, 0.41320819250476515, 
    -0.19550638440808221, 0.44351515216926718, 0.28812611070290794, 
    0.30904096546929871, 0.40584198303039737, 0.1497595417408655, 
    0.47833510533970403, -0.0065462435311693353, 0.47999183998780998, 
    -0.078185089919338396, 0.46126930834814772, -0.12615399593163107, 
    0.46060101750231613, -0.16711404784162856), evec = c(0.0027399999999999998, 
    0.19511000000000001, 0.125, 0.19511000000000001, 0.17562, 
    0.0068599999999999998, 0.55137000000000003, 0.47455000000000003, 
    0.14888000000000001, 0.097339999999999996, 0.83057999999999998, 
    0.75356999999999996, 0.57179000000000002, 0.42187999999999998, 
    0.059319999999999998, 0.80435999999999996, 0.80435999999999996, 
    0.72899999999999998, 0.72899999999999998, 0.32851000000000002, 
    0.054870000000000002, 0.88473999999999997, 0.80435999999999996, 
    0.77868999999999999, 0.75356999999999996, 0.40522000000000002, 
    0.16638, 0.01968, 0.94118999999999997, 0.94118999999999997, 
    0.94118999999999997, 0.94118999999999997, 0.80435999999999996, 
    0.63605999999999996, 0.47455000000000003, 0.30076000000000003, 
    0.80435999999999996, 0.88473999999999997, 0.97030000000000005, 
    0.97030000000000005, 0.94118999999999997, 0.77868999999999999, 
    0.63605999999999996, 0.53144000000000002, 0.074090000000000003, 
    0.75356999999999996, 0.80435999999999996, 0.94118999999999997, 
    1, 0.94118999999999997, 0.94118999999999997, 0.85736999999999997, 
    0.88473999999999997, 0.25004999999999999, 0.017579999999999998, 
    0.68147000000000002, 0.70496999999999999, 0.97030000000000005, 
    0.97030000000000005, 0.97030000000000005, 0.94118999999999997, 
    0.94118999999999997, 0.91266999999999998, 0.38901999999999998, 
    0.125, 0.013820000000000001, 0.65849999999999997, 0.65849999999999997, 
    0.85736999999999997, 0.94118999999999997, 0.94118999999999997, 
    0.94118999999999997, 0.94118999999999997, 0.94118999999999997, 
    0.51200000000000001, 0.20538000000000001, 0.054870000000000002, 
    0.0033800000000000002, 0.5927, 0.63605999999999996, 0.91266999999999998, 
    0.88473999999999997, 1, 0.97030000000000005, 1, 0.94118999999999997, 
    0.45652999999999999, 0.37325000000000003, 0.091120000000000007, 
    0.032770000000000001, 0.013820000000000001), dvec = c(0.047702137580796215, 
    0.27183835497739384, 0.22414019446138619, 0.30897028002302829, 
    0.26136117765312056, 0.042195687987220676, 0.52607046889380216, 
    0.48454889301373838, 0.31646505473865827, 0.27809534835385508, 
    0.72562367468715583, 0.6922456824014307, 0.56657923380545727, 
    0.53225315604462053, 0.26377143744792286, 0.82028034394661087, 
    0.79310986642147119, 0.69872869128556614, 0.66830410128424078, 
    0.41474486504217445, 0.16078224396593463, 0.84682413684257374, 
    0.82312183201037936, 0.7463991235356614, 0.71847930793503711, 
    0.47648435461322936, 0.23273272087879671, 0.076010931579202967, 
    0.85577797997235017, 0.85966604603480923, 0.91473450820462188, 
    0.90879932830752674, 0.79192897344184077, 0.66457579606219963, 
    0.56305956644141064, 0.50197977769617363, 0.81015017078917251, 
    0.82487085464102261, 0.92702616869007071, 0.93013569365229398, 
    0.87101036535354925, 0.79592268799956667, 0.72091699039829249, 
    0.6692624430513695, 0.19805958331466436, 0.77394348698356608, 
    0.79787030580351914, 0.93731200947678706, 0.94806009439687622, 
    0.93886712429781627, 0.90698289077907257, 0.85384954171785366, 
    0.81031945133098027, 0.36847625177946791, 0.17229843670695205, 
    0.74127281463032724, 0.76857433487077453, 0.92154681458522048, 
    0.93532547925449605, 0.94726858106397571, 0.93492126551826638, 
    0.892636030636342, 0.85350395063954609, 0.4321533015561389, 
    0.23970180723038112, 0.07165800082001951, 0.70427588810891817, 
    0.73349550035054123, 0.89439662411733656, 0.91009035141725025, 
    0.936361592643569, 0.93843454459638886, 0.90481464915294096, 
    0.86941201331326734, 0.46837295109728028, 0.2814257782486031, 
    0.12081910387536886, 0.051493195035988225, 0.68856148943233852, 
    0.71976446769992053, 0.88816924070142833, 0.90561501677477729, 
    0.94412283282290244, 0.95701816177276566, 0.92929076396344967, 
    0.89629512034126313, 0.50642984724105056, 0.32157024680649743, 
    0.1615441662595902, 0.091018479188615248, 0.040965503354948675
    ), wvec = numeric(0), delta = c(0.0027399999999999998, 0.19511000000000001, 
    0.125, 0.19511000000000001, 0.17562, 0.0068599999999999998, 
    0.55137000000000003, 0.47455000000000003, 0.14888000000000001, 
    0.097339999999999996, 0.83057999999999998, 0.75356999999999996, 
    0.57179000000000002, 0.42187999999999998, 0.059319999999999998, 
    0.80435999999999996, 0.80435999999999996, 0.72899999999999998, 
    0.72899999999999998, 0.32851000000000002, 0.054870000000000002, 
    0.88473999999999997, 0.80435999999999996, 0.77868999999999999, 
    0.75356999999999996, 0.40522000000000002, 0.16638, 0.01968, 
    0.94118999999999997, 0.94118999999999997, 0.94118999999999997, 
    0.94118999999999997, 0.80435999999999996, 0.63605999999999996, 
    0.47455000000000003, 0.30076000000000003, 0.80435999999999996, 
    0.88473999999999997, 0.97030000000000005, 0.97030000000000005, 
    0.94118999999999997, 0.77868999999999999, 0.63605999999999996, 
    0.53144000000000002, 0.074090000000000003, 0.75356999999999996, 
    0.80435999999999996, 0.94118999999999997, 1, 0.94118999999999997, 
    0.94118999999999997, 0.85736999999999997, 0.88473999999999997, 
    0.25004999999999999, 0.017579999999999998, 0.68147000000000002, 
    0.70496999999999999, 0.97030000000000005, 0.97030000000000005, 
    0.97030000000000005, 0.94118999999999997, 0.94118999999999997, 
    0.91266999999999998, 0.38901999999999998, 0.125, 0.013820000000000001, 
    0.65849999999999997, 0.65849999999999997, 0.85736999999999997, 
    0.94118999999999997, 0.94118999999999997, 0.94118999999999997, 
    0.94118999999999997, 0.94118999999999997, 0.51200000000000001, 
    0.20538000000000001, 0.054870000000000002, 0.0033800000000000002, 
    0.5927, 0.63605999999999996, 0.91266999999999998, 0.88473999999999997, 
    1, 0.97030000000000005, 1, 0.94118999999999997, 0.45652999999999999, 
    0.37325000000000003, 0.091120000000000007, 0.032770000000000001, 
    0.013820000000000001), haveweights = 0L, ordinal = 0L, degree = 0L, 
    innerKnots = numeric(0), intercept = 0L, anchor = 0L, basis = numeric(0), 
    coef = numeric(0), transform = 0L)
