ekman030 <-
list(nobj = 14L, ndim = 2L, name = "ekman", snew = 0.086860913722299579, 
    itel = 161, xnew = c(-0.23769103041641867, -0.61202406862148284, 
    -0.30742372450946603, -0.56894721665938808, -0.60969019923181378, 
    -0.38111057828580752, -0.65024899569548278, -0.30147810686041615, 
    -0.65950312431436853, 0.098230486936351752, -0.53648920323100602, 
    0.44234216444017022, -0.35017208706925229, 0.62412350725515675, 
    -0.21843353970991303, 0.67696123451072798, 0.40388120651903098, 
    0.49051610052779715, 0.57508564913526605, 0.24974874782034026, 
    0.67658348570655902, 0.0093338857694220401, 0.67229674711210152, 
    -0.14566259881576055, 0.62990445436943254, -0.23925903154720565, 
    0.61190036133533132, -0.34277452646990553), evec = c(0.1041480859657322, 
    0.4687138779355966, 0.37862746763932537, 0.4687138779355966, 
    0.44451458170825203, 0.13768764872965725, 0.87352239772097007, 
    0.78899007000937693, 0.41037400044138872, 0.33964174635701999, 
    1.1774809462102422, 1.0939314951009984, 0.89589212251518324, 
    0.73055607250265553, 0.27914277205760468, 1.1490412004599944, 
    1.1490412004599944, 1.0672452032235851, 1.0672452032235851, 
    0.62550042105495718, 0.27117210853494711, 1.2361710545239657, 
    1.1490412004599944, 1.121194105468361, 1.0939314951009984, 
    0.71198028219382825, 0.43285477234375219, 0.19117014264163742, 
    1.297329759484243, 1.297329759484243, 1.297329759484243, 
    1.297329759484243, 1.1490412004599944, 0.96609989792642759, 
    0.78899007000937693, 0.5937422842808332, 1.1490412004599944, 
    1.2361710545239657, 1.3288552510426999, 1.3288552510426999, 
    1.297329759484243, 1.121194105468361, 0.96609989792642759, 
    0.85165549620762382, 0.30399750418816823, 1.0939314951009984, 
    1.1490412004599944, 1.297329759484243, 1.3610223901658238, 
    1.297329759484243, 1.297329759484243, 1.206521508853452, 
    1.2361710545239657, 0.53472465684687531, 0.18438267469082867, 
    1.0155689104011829, 1.0411270637017531, 1.3288552510426999, 
    1.3288552510426999, 1.3288552510426999, 1.297329759484243, 
    1.297329759484243, 1.2664377493561194, 0.69384198609113934, 
    0.37862746763932537, 0.17093613192818188, 0.99056257718751795, 
    0.99056257718751795, 1.206521508853452, 1.297329759484243, 
    1.297329759484243, 1.297329759484243, 1.297329759484243, 
    1.297329759484243, 0.83028325184080565, 0.48126969706712297, 
    0.27117210853494711, 0.11092828168979534, 0.91877283672460242, 
    0.96609989792642759, 1.2664377493561194, 1.2361710545239657, 
    1.3610223901658238, 1.3288552510426999, 1.3610223901658238, 
    1.297329759484243, 0.7690528002760868, 0.67613301806025095, 
    0.33043783748377292, 0.22607609346418239, 0.17093613192818188
    ), dvec = c(0.081965015710598998, 0.43784063495562953, 0.35587585539983319, 
    0.51637473706728465, 0.43482052764378598, 0.08936636098609535, 
    0.82606717417485487, 0.75437788404901251, 0.48192238411760308, 
    0.39981570610905776, 1.0958870842828454, 1.0369075204022082, 
    0.82669994878338149, 0.75246919297685444, 0.36543846455291989, 
    1.2412545337083085, 1.193836326622506, 1.0381932465941968, 
    0.97302851918329147, 0.61012224957230854, 0.26030467604415419, 
    1.2891291489370444, 1.2490825119613902, 1.1280947365601806, 
    1.0694896599644261, 0.72764803074779438, 0.39522843159192894, 
    0.14193967127580301, 1.2756213230399058, 1.2760945205472551, 
    1.3368096580199358, 1.3185011595585709, 1.133434708173706, 
    0.94160354483807429, 0.76579847786721789, 0.64964408052402667, 
    1.1845920470698486, 1.2037798290494031, 1.3422657338280808, 
    1.3436130533541777, 1.243851768865238, 1.1281360186335683, 
    0.99812741616899137, 0.90121207928527869, 0.29543168296797939, 
    1.1054336697951419, 1.1413497374527251, 1.3442272397464334, 
    1.3627503544178701, 1.339040714532701, 1.2880378558270786, 
    1.1967427814333191, 1.1165938171836236, 0.55308485503930371, 
    0.26096190665232144, 1.0225315524572576, 1.0672497693686387, 
    1.3034286638066253, 1.3316928002980561, 1.3539478331195958, 
    1.3442146686294392, 1.2798488840374875, 1.2124810988295012, 
    0.69048551029716121, 0.40718562182183765, 0.15505575242970498, 
    0.94428581376921239, 0.99361884760857744, 1.247684562118538, 
    1.2816645696304227, 1.3328432312366993, 1.3509457260978144, 
    1.306131477067767, 1.2486540466173321, 0.76397529538849085, 
    0.49207083808053481, 0.25293748339572786, 0.10274920293623725, 
    0.89123557429419831, 0.94673695428134619, 1.2221919450461058, 
    1.262824767624495, 1.3457162573037675, 1.3911171087836025, 
    1.3639923766651272, 1.3150343757665672, 0.85886275842692839, 
    0.59366586023621692, 0.3580003359609093, 0.20615730750674183, 
    0.10506952486364479), wvec = numeric(0), delta = c(0.14000000000000001, 
    0.57999999999999996, 0.5, 0.57999999999999996, 0.56000000000000005, 
    0.19, 0.81999999999999995, 0.78000000000000003, 0.53000000000000003, 
    0.46000000000000002, 0.93999999999999995, 0.91000000000000003, 
    0.82999999999999996, 0.75, 0.39000000000000001, 0.93000000000000005, 
    0.93000000000000005, 0.90000000000000002, 0.90000000000000002, 
    0.68999999999999995, 0.38, 0.95999999999999996, 0.93000000000000005, 
    0.92000000000000004, 0.91000000000000003, 0.73999999999999999, 
    0.55000000000000004, 0.27000000000000002, 0.97999999999999998, 
    0.97999999999999998, 0.97999999999999998, 0.97999999999999998, 
    0.93000000000000005, 0.85999999999999999, 0.78000000000000003, 
    0.67000000000000004, 0.93000000000000005, 0.95999999999999996, 
    0.98999999999999999, 0.98999999999999999, 0.97999999999999998, 
    0.92000000000000004, 0.85999999999999999, 0.81000000000000005, 
    0.41999999999999998, 0.91000000000000003, 0.93000000000000005, 
    0.97999999999999998, 1, 0.97999999999999998, 0.97999999999999998, 
    0.94999999999999996, 0.95999999999999996, 0.63, 0.26000000000000001, 
    0.88, 0.89000000000000001, 0.98999999999999999, 0.98999999999999999, 
    0.98999999999999999, 0.97999999999999998, 0.97999999999999998, 
    0.96999999999999997, 0.72999999999999998, 0.5, 0.23999999999999999, 
    0.87, 0.87, 0.94999999999999996, 0.97999999999999998, 0.97999999999999998, 
    0.97999999999999998, 0.97999999999999998, 0.97999999999999998, 
    0.80000000000000004, 0.58999999999999997, 0.38, 0.14999999999999999, 
    0.83999999999999997, 0.85999999999999999, 0.96999999999999997, 
    0.95999999999999996, 1, 0.98999999999999999, 1, 0.97999999999999998, 
    0.77000000000000002, 0.71999999999999997, 0.45000000000000001, 
    0.32000000000000001, 0.23999999999999999),