ekman5002 <-
list(nobj = 14L, ndim = 2L, name = "ekman", snew = 0.058952087094762406, 
    itel = 1903, xnew = c(-0.22180711405951878, -0.60754539021075238, 
    -0.29248908715559768, -0.57962990231595057, -0.6301818178542864, 
    -0.34919125019571751, -0.6443503392627622, -0.32144521765606865, 
    -0.66313065358928558, 0.10891335413549105, -0.53356061529560228, 
    0.44091872724064152, -0.35644135143559946, 0.61389130857592455, 
    -0.22444786626981975, 0.67734283004495965, 0.4095159561022706, 
    0.49393749012675181, 0.57237605460340557, 0.26015053828370527, 
    0.68107342358673706, 0.0053110545352102355, 0.67176561535035473, 
    -0.16770632024049836, 0.62676240781803916, -0.23994504147526372, 
    0.60491538746166518, -0.3350021808484327), evec = c(0.064086352617246503, 
    0.49676285361423267, 0.42628095258711401, 0.49676285361423267, 
    0.42829127134474854, 0.064086352617246337, 0.85184769080070488, 
    0.79356936453707505, 0.42829127134474843, 0.4262809525871139, 
    1.1754879218177081, 1.0895503802439594, 0.85184769080070488, 
    0.77037213622844392, 0.28502020106836257, 1.1754879218177081, 
    1.1754879218177081, 1.0094768088302724, 1.0094768088302724, 
    0.61560528744941734, 0.28502020106836257, 1.2219822090465657, 
    1.1754879218177081, 1.0895503802439594, 1.0895503802439594, 
    0.7148713577460255, 0.42829127134474854, 0.20122112691686522, 
    1.2995204785193468, 1.2995204785193468, 1.2995204785193468, 
    1.2995204785193468, 1.1754879218177081, 0.95620447527612196, 
    0.79356936453707505, 0.61560528744941734, 1.1754879218177081, 
    1.2219822090465657, 1.3485222787806401, 1.3485222787806401, 
    1.2995204785193468, 1.0895503802439594, 0.95620447527612196, 
    0.85184769080070488, 0.28502020106836257, 1.0895503802439594, 
    1.1754879218177081, 1.2995204785193468, 1.3485222787806401, 
    1.2995204785193468, 1.2995204785193468, 1.2219822090465657, 
    1.2219822090465657, 0.55901621282160874, 0.20122112691686522, 
    0.96691072770561615, 1.0094768088302724, 1.3485222787806401, 
    1.3485222787806401, 1.3485222787806401, 1.2995204785193468, 
    1.2995204785193468, 1.2995204785193468, 0.7148713577460255, 
    0.42628095258711401, 0.13540149716733935, 0.96691072770561615, 
    0.96691072770561615, 1.2219822090465657, 1.2995204785193468, 
    1.2995204785193468, 1.2995204785193468, 1.2995204785193468, 
    1.2995204785193468, 0.79356936453707483, 0.50304439296102343, 
    0.28502020106836257, 0.064086352617246503, 0.85184769080070488, 
    0.95620447527612196, 1.2995204785193468, 1.2219822090465657, 
    1.3485222787806401, 1.3485222787806401, 1.3485222787806401, 
    1.2995204785193468, 0.79356936453707505, 0.61560528744941756, 
    0.34873078934607327, 0.20122112691686495, 0.13540149716733935
    ), dvec = c(0.075994840516706422, 0.4832357192534224, 0.4088255774260301, 
    0.51029019773162276, 0.43642373002317858, 0.031154282540185187, 
    0.84147465730898718, 0.78196354568047077, 0.45928798621969752, 
    0.43076815170190341, 1.0938314546199916, 1.0486348205975209, 
    0.79599587513276104, 0.77037208374602573, 0.35639298898002575, 
    1.2288344017876185, 1.1952333550212473, 1.0012301723206576, 
    0.97864498291024482, 0.59081389838625109, 0.24756968215858013, 
    1.2848909339411367, 1.2588129557795629, 1.103808070890913, 
    1.0834646515027706, 0.71802134854967148, 0.38916198169541594, 
    0.14645263979506934, 1.2695799914125585, 1.282715099652181, 
    1.3385953585486445, 1.3324725620655995, 1.1396553578071777, 
    0.94456572494323587, 0.77529318037191597, 0.65996033728334358, 
    1.1762751080054963, 1.2054969522332162, 1.3481256810094793, 
    1.3485832346791673, 1.2447286900598944, 1.1206128037667951, 
    0.9938985392523515, 0.899431914699933, 0.28492060391600732, 
    1.0912315460648363, 1.1357728141335617, 1.3583306638172077, 
    1.3651072531279242, 1.3481906532753849, 1.2903836223896623, 
    1.2028328370966226, 1.1276504394883498, 0.55901632507957399, 
    0.27705284784874168, 0.99595714276132841, 1.0485552769285531, 
    1.3145356209053463, 1.3250648491925785, 1.3632558428559369, 
    1.3502724801700619, 1.2915511681379981, 1.2317900271701867, 
    0.71172144521085634, 0.43924910491846414, 0.17326755976940195, 
    0.92477037682332808, 0.98000465085407795, 1.2616828129806614, 
    1.2737228483892418, 1.3362358661759048, 1.3453345269923038, 
    1.3022005010286328, 1.2513896155677613, 0.76536239192533828, 
    0.50304419717401194, 0.25119760959078924, 0.085110055421382502, 
    0.87048830864690963, 0.93014918866463303, 1.2351787062074118, 
    1.2493392842696136, 1.3435035409052902, 1.3777448473733946, 
    1.3507796392066014, 1.3086962320266753, 0.85165833283777703, 
    0.59604158183237366, 0.34873076239946266, 0.1801578695070496, 
    0.097535388676428025), wvec = numeric(0), delta = c(0.14000000000000001, 
    0.57999999999999996, 0.5, 0.57999999999999996, 0.56000000000000005, 
    0.19, 0.81999999999999995, 0.78000000000000003, 0.53000000000000003, 
    0.46000000000000002, 0.93999999999999995, 0.91000000000000003, 
    0.82999999999999996, 0.75, 0.39000000000000001, 0.93000000000000005, 
    0.93000000000000005, 0.90000000000000002, 0.90000000000000002, 
    0.68999999999999995, 0.38, 0.95999999999999996, 0.93000000000000005, 
    0.92000000000000004, 0.91000000000000003, 0.73999999999999999, 
    0.55000000000000004, 0.27000000000000002, 0.97999999999999998, 
    0.97999999999999998, 0.97999999999999998, 0.97999999999999998, 
    0.93000000000000005, 0.85999999999999999, 0.78000000000000003, 
    0.67000000000000004, 0.93000000000000005, 0.95999999999999996, 
    0.98999999999999999, 0.98999999999999999, 0.97999999999999998, 
    0.92000000000000004, 0.85999999999999999, 0.81000000000000005, 
    0.41999999999999998, 0.91000000000000003, 0.93000000000000005, 
    0.97999999999999998, 1, 0.97999999999999998, 0.97999999999999998, 
    0.94999999999999996, 0.95999999999999996, 0.63, 0.26000000000000001, 
    0.88, 0.89000000000000001, 0.98999999999999999, 0.98999999999999999, 
    0.98999999999999999, 0.97999999999999998, 0.97999999999999998, 
    0.96999999999999997, 0.72999999999999998, 0.5, 0.23999999999999999, 
    0.87, 0.87, 0.94999999999999996, 0.97999999999999998, 0.97999999999999998, 
    0.97999999999999998, 0.97999999999999998, 0.97999999999999998, 
    0.80000000000000004, 0.58999999999999997, 0.38, 0.14999999999999999, 
    0.83999999999999997, 0.85999999999999999, 0.96999999999999997, 
    0.95999999999999996, 1, 0.98999999999999999, 1, 0.97999999999999998, 
    0.77000000000000002, 0.71999999999999997, 0.45000000000000001, 
    0.32000000000000001, 0.23999999999999999), haveweights = 0L, 
    ordinal = 1L, degree = 0L, innerKnots = c(0.019607843137254902, 
    0.039215686274509803, 0.058823529411764705, 0.078431372549019607, 
    0.098039215686274508, 0.11764705882352941, 0.13725490196078433, 
    0.15686274509803921, 0.17647058823529413, 0.19607843137254902, 
    0.21568627450980393, 0.23529411764705882, 0.25490196078431371, 
    0.27450980392156865, 0.29411764705882354, 0.31372549019607843, 
    0.33333333333333331, 0.35294117647058826, 0.37254901960784315, 
    0.39215686274509803, 0.41176470588235292, 0.43137254901960786, 
    0.45098039215686275, 0.47058823529411764, 0.49019607843137253, 
    0.50980392156862742, 0.52941176470588236, 0.5490196078431373, 
    0.56862745098039214, 0.58823529411764708, 0.60784313725490191, 
    0.62745098039215685, 0.6470588235294118, 0.66666666666666663, 
    0.68627450980392157, 0.70588235294117652, 0.72549019607843135, 
    0.74509803921568629, 0.76470588235294112, 0.78431372549019607, 
    0.80392156862745101, 0.82352941176470584, 0.84313725490196079, 
    0.86274509803921573, 0.88235294117647056, 0.90196078431372551, 
    0.92156862745098034, 0.94117647058823528, 0.96078431372549022, 
    0.98039215686274506),