ekman0301012 <-
list(nobj = 14L, ndim = 2L, name = "ekman", snew = 0.086860914042436621, 
    itel = 118, xnew = c(-0.23769276474991113, -0.61202276228065955, 
    -0.30742502888775119, -0.56894613303910524, -0.6096906471616419, 
    -0.38111023206320643, -0.65024902498850601, -0.3014786854180862, 
    -0.65950319213395303, 0.098230095005663237, -0.53648899961431495, 
    0.44234233135577361, -0.35017266561876081, 0.62412306603375223, 
    -0.2184352118435802, 0.67696032685094765, 0.40388206683017541, 
    0.49051415515546903, 0.57508618353401719, 0.24974699416897114, 
    0.67658400899195359, 0.0093325320050321736, 0.67229745786150596, 
    -0.14566218008096235, 0.62990555868023379, -0.23925777579892604, 
    0.61190225910053353, -0.34277173189466337), evec = c(0.10414496390170679, 
    0.46870798182296547, 0.37862124967224053, 0.46870798182296547, 
    0.44450856958754298, 0.13768366542181024, 0.87351978632512151, 
    0.78898666461183808, 0.41036785883899518, 0.33963550857547931, 
    1.1774813238740836, 1.0939310393540167, 0.8958897253064303, 
    0.73055213711509215, 0.27913672272286794, 1.1490412938902339, 
    1.1490412938902339, 1.0672444825063563, 1.0672444825063563, 
    0.6254955925871386, 0.27116610908968136, 1.2361720200115633, 
    1.1490412938902339, 1.1211939210994304, 1.0939310393540167, 
    0.71197618255024986, 0.43284871113840417, 0.19116506539571237, 
    1.2973313386930896, 1.2973313386930896, 1.2973313386930896, 
    1.2973313386930896, 1.1490412938902339, 0.96609818113999246, 
    0.78898666461183808, 0.59373720718085476, 1.1490412938902339, 
    1.2361720200115633, 1.3288571468570145, 1.3288571468570145, 
    1.2973313386930896, 1.1211939210994304, 0.96609818113999246, 
    0.85165267691266255, 0.30399133953125723, 1.0939310393540167, 
    1.1490412938902339, 1.2973313386930896, 1.3610246090999205, 
    1.2973313386930896, 1.2973313386930896, 1.2065221771986425, 
    1.2361720200115633, 0.5347191554354106, 0.18437771488188592, 
    1.0155676789136225, 1.0411260844087691, 1.3288571468570145, 
    1.3288571468570145, 1.3288571468570145, 1.2973313386930896, 
    1.2973313386930896, 1.2664390184604977, 0.6938377283730196, 
    0.37862124967224053, 0.17093142360715219, 0.99056109987324514, 
    0.99056109987324514, 1.2065221771986425, 1.2973313386930896, 
    1.2973313386930896, 1.2973313386930896, 1.2973313386930896, 
    1.2973313386930896, 0.83028023092140124, 0.48126386790455855, 
    0.27116610908968136, 0.11092497655843599, 0.91877066000424112, 
    0.96609818113999246, 1.2664390184604977, 1.2361720200115633, 
    1.3610246090999205, 1.3288571468570145, 1.3610246090999205, 
    1.2973313386930896, 0.76904921199822951, 0.67612860843575096, 
    0.33043160930363397, 0.22607051263563466, 0.17093142360715219
    ), dvec = c(0.0819645328700397, 0.43783903564008325, 0.35587473875778974, 
    0.51637224125284176, 0.43481849988172411, 0.089365346936273987, 
    0.82606486303031523, 0.75437600193992382, 0.48192161062885469, 
    0.39981589357777786, 1.0958854596389664, 1.0369062932122517, 
    0.82669982787280927, 0.75246996509338182, 0.36543908215615473, 
    1.2412526886007496, 1.193834776768727, 1.0381924514977847, 
    0.97302848043791157, 0.61012194814718512, 0.2603036915097604, 
    1.2891269361126549, 1.24908049954089, 1.1280931359186779, 
    1.0694886955703475, 0.72764664809859825, 0.39522628420372685, 
    0.14193848265298661, 1.2756198175109139, 1.2760932123790967, 
    1.336809155767221, 1.3185010497753176, 1.1334350412925402, 
    0.941604092606939, 0.76580015708715932, 0.64964680425274834, 
    1.1845913776086607, 1.203779247448584, 1.3422656139686389, 
    1.3436130853341477, 1.2438522007233386, 1.1281366724370527, 
    0.9981289401276906, 0.90121442317755329, 0.29543133785338493, 
    1.1054340417866149, 1.1413500782293626, 1.3442276753125928, 
    1.3627507156255076, 1.3390413681884179, 1.2880386681085445, 
    1.1967441955526548, 1.1165958436766035, 0.55308417416926225, 
    0.26096153392840449, 1.0225333236027161, 1.0672513555269065, 
    1.3034298165237264, 1.3316936519464269, 1.3539484529239867, 
    1.3442150145147538, 1.2798493968220026, 1.2124819494701313, 
    0.69048327398812381, 0.40718355435526687, 0.15505397542537977, 
    0.9442884019014135, 0.99362117695340613, 1.2476862077003912, 
    1.281665790946267, 1.3328439479610568, 1.3509459543935998, 
    1.306131618095502, 1.2486543455081045, 0.76397230975801733, 
    0.49206791090537255, 0.25293481147831426, 0.10274827810720549, 
    0.89123948628601413, 0.94674047244899251, 1.2221943663858224, 
    1.2628265833497994, 1.3457170700998757, 1.3911170243391764, 
    1.3639918295336915, 1.3150337589915435, 0.85885841088570758, 
    0.59366140531130351, 0.35799600755506011, 0.20615468815812907, 
    0.10506787283630838), wvec = numeric(0), delta = c(0.14000000000000001, 
    0.57999999999999996, 0.5, 0.57999999999999996, 0.56000000000000005, 
    0.19, 0.81999999999999995, 0.78000000000000003, 0.53000000000000003, 
    0.46000000000000002, 0.93999999999999995, 0.91000000000000003, 
    0.82999999999999996, 0.75, 0.39000000000000001, 0.93000000000000005, 
    0.93000000000000005, 0.90000000000000002, 0.90000000000000002, 
    0.68999999999999995, 0.38, 0.95999999999999996, 0.93000000000000005, 
    0.92000000000000004, 0.91000000000000003, 0.73999999999999999, 
    0.55000000000000004, 0.27000000000000002, 0.97999999999999998, 
    0.97999999999999998, 0.97999999999999998, 0.97999999999999998, 
    0.93000000000000005, 0.85999999999999999, 0.78000000000000003, 
    0.67000000000000004, 0.93000000000000005, 0.95999999999999996, 
    0.98999999999999999, 0.98999999999999999, 0.97999999999999998, 
    0.92000000000000004, 0.85999999999999999, 0.81000000000000005, 
    0.41999999999999998, 0.91000000000000003, 0.93000000000000005, 
    0.97999999999999998, 1, 0.97999999999999998, 0.97999999999999998, 
    0.94999999999999996, 0.95999999999999996, 0.63, 0.26000000000000001, 
    0.88, 0.89000000000000001, 0.98999999999999999, 0.98999999999999999, 
    0.98999999999999999, 0.97999999999999998, 0.97999999999999998, 
    0.96999999999999997, 0.72999999999999998, 0.5, 0.23999999999999999, 
    0.87, 0.87, 0.94999999999999996, 0.97999999999999998, 0.97999999999999998, 
    0.97999999999999998, 0.97999999999999998, 0.97999999999999998, 
    0.80000000000000004, 0.58999999999999997, 0.38, 0.14999999999999999, 
    0.83999999999999997, 0.85999999999999999, 0.96999999999999997, 
    0.95999999999999996, 1, 0.98999999999999999, 1, 0.97999999999999998, 
    0.77000000000000002, 0.71999999999999997, 0.45000000000000001, 
    0.32000000000000001, 0.23999999999999999), haveweights = 0L, 
    havelabels = 1L, labels = c("434", "445", "465", "472", "490", 
    "504", "537", "555", "584", "600", "610", "628", "651", "674"
    ),