ekman3Metric <-
list(nobj = 14L, ndim = 2L, name = "ekman", snew = 0.24269539381685654, 
    itel = 17, xnew = c(-0.18620073054057998, -0.40325806220476945, 
    -0.22727062935383929, -0.37899380161960616, -0.42184958632591635, 
    -0.26773764644679227, -0.442751745306463, -0.23108274036638371, 
    -0.45903016315006689, 0.046535825896106865, -0.37634090469567011, 
    0.29701107510270752, -0.26521382821554562, 0.4132085362260538, 
    -0.19550606483949501, 0.44351565009809557, 0.2881260394735749, 
    0.30904178230355195, 0.40584193284298437, 0.14976043599579975, 
    0.47833495009337373, -0.006546066285635593, 0.47999152538922457, 
    -0.078185451755653695, 0.46126885955059904, -0.12615459963108749, 
    0.46060034507781961, -0.16711493731238727), evec = c(0.0027399999999999998, 
    0.19511000000000001, 0.125, 0.19511000000000001, 0.17562, 
    0.0068599999999999998, 0.55137000000000003, 0.47455000000000003, 
    0.14888000000000001, 0.097339999999999996, 0.83057999999999998, 
    0.75356999999999996, 0.57179000000000002, 0.42187999999999998, 
    0.059319999999999998, 0.80435999999999996, 0.80435999999999996, 
    0.72899999999999998, 0.72899999999999998, 0.32851000000000002, 
    0.054870000000000002, 0.88473999999999997, 0.80435999999999996, 
    0.77868999999999999, 0.75356999999999996, 0.40522000000000002, 
    0.16638, 0.01968, 0.94118999999999997, 0.94118999999999997, 
    0.94118999999999997, 0.94118999999999997, 0.80435999999999996, 
    0.63605999999999996, 0.47455000000000003, 0.30076000000000003, 
    0.80435999999999996, 0.88473999999999997, 0.97030000000000005, 
    0.97030000000000005, 0.94118999999999997, 0.77868999999999999, 
    0.63605999999999996, 0.53144000000000002, 0.074090000000000003, 
    0.75356999999999996, 0.80435999999999996, 0.94118999999999997, 
    1, 0.94118999999999997, 0.94118999999999997, 0.85736999999999997, 
    0.88473999999999997, 0.25004999999999999, 0.017579999999999998, 
    0.68147000000000002, 0.70496999999999999, 0.97030000000000005, 
    0.97030000000000005, 0.97030000000000005, 0.94118999999999997, 
    0.94118999999999997, 0.91266999999999998, 0.38901999999999998, 
    0.125, 0.013820000000000001, 0.65849999999999997, 0.65849999999999997, 
    0.85736999999999997, 0.94118999999999997, 0.94118999999999997, 
    0.94118999999999997, 0.94118999999999997, 0.94118999999999997, 
    0.51200000000000001, 0.20538000000000001, 0.054870000000000002, 
    0.0033800000000000002, 0.5927, 0.63605999999999996, 0.91266999999999998, 
    0.88473999999999997, 1, 0.97030000000000005, 1, 0.94118999999999997, 
    0.45652999999999999, 0.37325000000000003, 0.091120000000000007, 
    0.032770000000000001, 0.013820000000000001), dvec = c(0.047702106140883001, 
    0.2718384930802723, 0.22414036352290201, 0.30897049151586636, 
    0.26136142288647457, 0.042195762699726365, 0.5260707567152143, 
    0.48454921875812185, 0.3164651808832048, 0.27809540668830157, 
    0.72562397320725702, 0.69224601143151399, 0.56657934889609018, 
    0.53225320824522493, 0.26377142363957229, 0.82028091283254467, 
    0.79311047807224699, 0.69872917816242042, 0.66830454217975677, 
    0.41474528109209358, 0.1607827014903376, 0.84682483967677158, 
    0.82312258244063519, 0.74639978668595852, 0.71847993355892692, 
    0.47648497480386703, 0.23273338780756786, 0.07601114014501012, 
    0.8557785655405491, 0.85966661618494666, 0.91473487889057381, 
    0.90879966784457022, 0.79192914346446919, 0.66457584804848802, 
    0.56305925247434174, 0.50197931575107013, 0.81015058761832515, 
    0.8248712385625262, 0.92702637489305784, 0.93013588016850801, 
    0.87101036880030724, 0.79592257290355439, 0.72091659431918531, 
    0.66926193685956237, 0.19805953355839315, 0.77394320110830805, 
    0.79787000777221884, 0.93731170970787203, 0.9480598179702775, 
    0.93886689301704662, 0.90698277538619509, 0.85384934974176385, 
    0.81031923459833333, 0.368476756195452, 0.1722990429617112, 
    0.74127209843959774, 0.76857362619314207, 0.92154621440914652, 
    0.93532492989264848, 0.9472682453488398, 0.93492120768633658, 
    0.89263602350889759, 0.85350397426152813, 0.4321542496410179, 
    0.23970291991874368, 0.071658536073748155, 0.70427494564492588, 
    0.7334945738333557, 0.8943958567619652, 0.91008964872934051, 
    0.93636118792513201, 0.93843449714596416, 0.90481472575636757, 
    0.86941215469656474, 0.46837413143044671, 0.28142716835664205, 
    0.12081991845496447, 0.05149346913930028, 0.68856024199416122, 
    0.71976324621758569, 0.88816823351660434, 0.90561408946041033, 
    0.94412230154946175, 0.95701808288702028, 0.9292908845422152, 
    0.89629533939202133, 0.50643124679375628, 0.3215718985229945, 
    0.16154528330429005, 0.091019070942603586, 0.040965792736946054
    ), wvec = numeric(0), delta = c(0.0027399999999999998, 0.19511000000000001, 
    0.125, 0.19511000000000001, 0.17562, 0.0068599999999999998, 
    0.55137000000000003, 0.47455000000000003, 0.14888000000000001, 
    0.097339999999999996, 0.83057999999999998, 0.75356999999999996, 
    0.57179000000000002, 0.42187999999999998, 0.059319999999999998, 
    0.80435999999999996, 0.80435999999999996, 0.72899999999999998, 
    0.72899999999999998, 0.32851000000000002, 0.054870000000000002, 
    0.88473999999999997, 0.80435999999999996, 0.77868999999999999, 
    0.75356999999999996, 0.40522000000000002, 0.16638, 0.01968, 
    0.94118999999999997, 0.94118999999999997, 0.94118999999999997, 
    0.94118999999999997, 0.80435999999999996, 0.63605999999999996, 
    0.47455000000000003, 0.30076000000000003, 0.80435999999999996, 
    0.88473999999999997, 0.97030000000000005, 0.97030000000000005, 
    0.94118999999999997, 0.77868999999999999, 0.63605999999999996, 
    0.53144000000000002, 0.074090000000000003, 0.75356999999999996, 
    0.80435999999999996, 0.94118999999999997, 1, 0.94118999999999997, 
    0.94118999999999997, 0.85736999999999997, 0.88473999999999997, 
    0.25004999999999999, 0.017579999999999998, 0.68147000000000002, 
    0.70496999999999999, 0.97030000000000005, 0.97030000000000005, 
    0.97030000000000005, 0.94118999999999997, 0.94118999999999997, 
    0.91266999999999998, 0.38901999999999998, 0.125, 0.013820000000000001, 
    0.65849999999999997, 0.65849999999999997, 0.85736999999999997, 
    0.94118999999999997, 0.94118999999999997, 0.94118999999999997, 
    0.94118999999999997, 0.94118999999999997, 0.51200000000000001, 
    0.20538000000000001, 0.054870000000000002, 0.0033800000000000002, 
    0.5927, 0.63605999999999996, 0.91266999999999998, 0.88473999999999997, 
    1, 0.97030000000000005, 1, 0.94118999999999997, 0.45652999999999999, 
    0.37325000000000003, 0.091120000000000007, 0.032770000000000001, 
    0.013820000000000001), haveweights = 0L, havelabels = 1L, 
    labels = c("434", "445", "465", "472", "490", "504", "537", 
    "555", "584", "600", "610", "628", "651", "674"), ordinal = 1L, 
    degree = 0L, innerKnots = numeric(0), ninner = 50L, haveknots = 2L, 
    intercept = 0L, anchor = 1L, basis = numeric(0), coef = numeric(0), 
    transform = 0L)
