ekman50021012 <-
list(nobj = 14L, ndim = 2L, name = "ekman", snew = 0.058952096312245975, 
    itel = 885, xnew = c(-0.22182993717752333, -0.60753499888560847, 
    -0.29247660930371727, -0.57963701064155715, -0.63018286925179134, 
    -0.34918108354547417, -0.64434003457749234, -0.32147296230540484, 
    -0.66313037585858281, 0.10891850144510956, -0.53355731436901976, 
    0.44092714300619007, -0.35643820539160836, 0.61389066025183237, 
    -0.22445026551556499, 0.67734108999766307, 0.40952417176207734, 
    0.49392249491899437, 0.57237106965522877, 0.26016664220018881, 
    0.68106913243159772, 0.0053429719367187106, 0.67176235055323297, 
    -0.16772643677922464, 0.6267753996167178, -0.23993162450786765, 
    0.60490348742644595, -0.33502538709156032), evec = c(0.064025342123841381, 
    0.49671759443240648, 0.42631800571756168, 0.49671759443240648, 
    0.42828453780890963, 0.064025342123841214, 0.85184120196713953, 
    0.79357025736028775, 0.42828453780890952, 0.42631800571756157, 
    1.1754898381770056, 1.0895591843770163, 0.85184120196713953, 
    0.77042343711500771, 0.28500330332205032, 1.1754898381770056, 
    1.1754898381770056, 1.0094740575880019, 1.0094740575880019, 
    0.61562536241329935, 0.28500330332205032, 1.2219717363354392, 
    1.1754898381770056, 1.0895591843770163, 1.0895591843770163, 
    0.71485798405031709, 0.42828453780890963, 0.20121862755896464, 
    1.2995206340244776, 1.2995206340244776, 1.2995206340244776, 
    1.2995206340244776, 1.1754898381770056, 0.95618878368277149, 
    0.79357025736028775, 0.61562536241329935, 1.1754898381770056, 
    1.2219717363354392, 1.3485217625726595, 1.3485217625726595, 
    1.2995206340244776, 1.0895591843770163, 0.95618878368277149, 
    0.85184120196713953, 0.28500330332205032, 1.0895591843770163, 
    1.1754898381770056, 1.2995206340244776, 1.3485217625726595, 
    1.2995206340244776, 1.2995206340244776, 1.2219717363354392, 
    1.2219717363354392, 0.55892860034137326, 0.20121862755896464, 
    0.9669279353324427, 1.0094740575880019, 1.3485217625726595, 
    1.3485217625726595, 1.3485217625726595, 1.2995206340244776, 
    1.2995206340244776, 1.2995206340244776, 0.71485798405031709, 
    0.42631800571756168, 0.13546707694306043, 0.9669279353324427, 
    0.9669279353324427, 1.2219717363354392, 1.2995206340244776, 
    1.2995206340244776, 1.2995206340244776, 1.2995206340244776, 
    1.2995206340244776, 0.79357025736028752, 0.50309448401161794, 
    0.28500330332205032, 0.064025342123841381, 0.85184120196713953, 
    0.95618878368277149, 1.2995206340244776, 1.2219717363354392, 
    1.3485217625726595, 1.3485217625726595, 1.3485217625726595, 
    1.2995206340244776, 0.79357025736028775, 0.61562536241329957, 
    0.34880813129751492, 0.20121862755896436, 0.13546707694306043
    ), dvec = c(0.075955579324834155, 0.48321720034082916, 0.40884648994681522, 
    0.51024138520639917, 0.43641327420084813, 0.031115354934720139, 
    0.84145807698080466, 0.7819801198791696, 0.45928288446245158, 
    0.43080144962008909, 1.0938221156435937, 1.0486520386026652, 
    0.79599466551040376, 0.77040686112983159, 0.35639713289392794, 
    1.228820583596697, 1.1952403051111977, 1.0012209170271611, 
    0.97866877422955301, 0.59081043372275155, 0.24756323851278031, 
    1.2848787607803982, 1.258817512165987, 1.1037965023093272, 
    1.083483700496207, 0.71801426057380502, 0.38915128418518563, 
    0.14644716899842292, 1.2695734013964037, 1.2827061661177128, 
    1.338586708119204, 1.3324787116745687, 1.1396560242117453, 
    0.94456931815912826, 0.7753004088147073, 0.65997421778591925, 
    1.1762913657751395, 1.2055005944117223, 1.3481248558098025, 
    1.3485883510888825, 1.2447247976756088, 1.1206033862353451, 
    0.99388497843544776, 0.89942134735533941, 0.28488754067827954, 
    1.0912589688155188, 1.1357785397110849, 1.3583332131087111, 
    1.3651073638605435, 1.3481840409975585, 1.2903685424535782, 
    1.2028099454987331, 1.1276288621421693, 0.55896924418307625, 
    0.27703857453048153, 0.99596121811743843, 1.0485356896956866, 
    1.3145292481364639, 1.3250522564254426, 1.3632575005743839, 
    1.3502794802683968, 1.291557846020277, 1.2318020043877524, 
    0.71172197607850829, 0.43928477523928433, 0.17331946348352717, 
    0.92480444337685197, 0.9800122475114762, 1.2616970848729614, 
    1.2737281644120724, 1.3362459803426707, 1.3453403541283779, 
    1.3021987125726024, 1.2513889746023186, 0.76533650416279242, 
    0.50304881222696562, 0.25121193658747237, 0.085072997416883095, 
    0.87048816412260865, 0.93012143528853397, 1.235167475363085, 
    1.2493170316162303, 1.3435014159302603, 1.3777500956958322, 
    1.3507847775482553, 1.3087068164615949, 0.85166170988207612, 
    0.59608045592727776, 0.34878621719708802, 0.18016394299142044, 
    0.097576658198478342), wvec = numeric(0), delta = c(0.14000000000000001, 
    0.57999999999999996, 0.5, 0.57999999999999996, 0.56000000000000005, 
    0.19, 0.81999999999999995, 0.78000000000000003, 0.53000000000000003, 
    0.46000000000000002, 0.93999999999999995, 0.91000000000000003, 
    0.82999999999999996, 0.75, 0.39000000000000001, 0.93000000000000005, 
    0.93000000000000005, 0.90000000000000002, 0.90000000000000002, 
    0.68999999999999995, 0.38, 0.95999999999999996, 0.93000000000000005, 
    0.92000000000000004, 0.91000000000000003, 0.73999999999999999, 
    0.55000000000000004, 0.27000000000000002, 0.97999999999999998, 
    0.97999999999999998, 0.97999999999999998, 0.97999999999999998, 
    0.93000000000000005, 0.85999999999999999, 0.78000000000000003, 
    0.67000000000000004, 0.93000000000000005, 0.95999999999999996, 
    0.98999999999999999, 0.98999999999999999, 0.97999999999999998, 
    0.92000000000000004, 0.85999999999999999, 0.81000000000000005, 
    0.41999999999999998, 0.91000000000000003, 0.93000000000000005, 
    0.97999999999999998, 1, 0.97999999999999998, 0.97999999999999998, 
    0.94999999999999996, 0.95999999999999996, 0.63, 0.26000000000000001, 
    0.88, 0.89000000000000001, 0.98999999999999999, 0.98999999999999999, 
    0.98999999999999999, 0.97999999999999998, 0.97999999999999998, 
    0.96999999999999997, 0.72999999999999998, 0.5, 0.23999999999999999, 
    0.87, 0.87, 0.94999999999999996, 0.97999999999999998, 0.97999999999999998, 
    0.97999999999999998, 0.97999999999999998, 0.97999999999999998, 
    0.80000000000000004, 0.58999999999999997, 0.38, 0.14999999999999999, 
    0.83999999999999997, 0.85999999999999999, 0.96999999999999997, 
    0.95999999999999996, 1, 0.98999999999999999, 1, 0.97999999999999998, 
    0.77000000000000002, 0.71999999999999997, 0.45000000000000001, 
    0.32000000000000001, 0.23999999999999999), haveweights = 0L, 
    havelabels = 1L, labels = c("434", "445", "465", "472", "490", 
    "504", "537", "555", "584", "600", "610", "628", "651", "674"
    ),