ekmanMetric <-
list(nobj = 14L, ndim = 2L, name = "ekman", snew = 0.52785281857475652, 
    itel = 32, xnew = c(-0.15763197734584791, -0.5442977346964526, 
    -0.21698368692671047, -0.50815311677915953, -0.47785811616915169, 
    -0.31203061402404353, -0.51314238352518637, -0.23393512391459831, 
    -0.53380266839300361, 0.091752517281578738, -0.43680532545512352, 
    0.3607164885907026, -0.26506748515043821, 0.52174944126007827, 
    -0.13746623788230328, 0.57443856989101805, 0.31621693950849555, 
    0.46015778095169591, 0.45754795986265745, 0.24454904747535428, 
    0.52102380027771378, 0.03357498634937784, 0.51287270991172174, 
    -0.13074190293433596, 0.48245393288380195, -0.22250508610085737, 
    0.44864253840337465, -0.33527525335035824), evec = c(0.14000000000000001, 
    0.57999999999999996, 0.5, 0.57999999999999996, 0.56000000000000005, 
    0.19, 0.81999999999999995, 0.78000000000000003, 0.53000000000000003, 
    0.46000000000000002, 0.93999999999999995, 0.91000000000000003, 
    0.82999999999999996, 0.75, 0.39000000000000001, 0.93000000000000005, 
    0.93000000000000005, 0.90000000000000002, 0.90000000000000002, 
    0.68999999999999995, 0.38, 0.95999999999999996, 0.93000000000000005, 
    0.92000000000000004, 0.91000000000000003, 0.73999999999999999, 
    0.55000000000000004, 0.27000000000000002, 0.97999999999999998, 
    0.97999999999999998, 0.97999999999999998, 0.97999999999999998, 
    0.93000000000000005, 0.85999999999999999, 0.78000000000000003, 
    0.67000000000000004, 0.93000000000000005, 0.95999999999999996, 
    0.98999999999999999, 0.98999999999999999, 0.97999999999999998, 
    0.92000000000000004, 0.85999999999999999, 0.81000000000000005, 
    0.41999999999999998, 0.91000000000000003, 0.93000000000000005, 
    0.97999999999999998, 1, 0.97999999999999998, 0.97999999999999998, 
    0.94999999999999996, 0.95999999999999996, 0.63, 0.26000000000000001, 
    0.88, 0.89000000000000001, 0.98999999999999999, 0.98999999999999999, 
    0.98999999999999999, 0.97999999999999998, 0.97999999999999998, 
    0.96999999999999997, 0.72999999999999998, 0.5, 0.23999999999999999, 
    0.87, 0.87, 0.94999999999999996, 0.97999999999999998, 0.97999999999999998, 
    0.97999999999999998, 0.97999999999999998, 0.97999999999999998, 
    0.80000000000000004, 0.58999999999999997, 0.38, 0.14999999999999999, 
    0.83999999999999997, 0.85999999999999999, 0.96999999999999997, 
    0.95999999999999996, 1, 0.98999999999999999, 1, 0.97999999999999998, 
    0.77000000000000002, 0.71999999999999997, 0.45000000000000001, 
    0.32000000000000001, 0.23999999999999999), dvec = c(0.069491429936058696, 
    0.39559170280875866, 0.32637325858516647, 0.47192435736368493, 
    0.40361551157206121, 0.085696470745804873, 0.73896164436607392, 
    0.67842540989791633, 0.40764029492985687, 0.32634228503022578, 
    0.94709476962265793, 0.89624547078403483, 0.67399851313036707, 
    0.59953138924492244, 0.28591974818012122, 1.0714471380810744, 
    1.0310244083955462, 0.86050510355194032, 0.79536175244154272, 
    0.50706602463918515, 0.23542620422955254, 1.118918038218234, 
    1.0855080767778329, 0.94957582363636661, 0.89140372180175975, 
    0.62455455448955421, 0.36780567883634857, 0.13805152147032437, 
    1.1106140999105056, 1.1054089300775669, 1.1076236325506363, 
    1.0814813208227954, 0.92642094758099414, 0.75955980815032831, 
    0.58453837767131323, 0.46785523847447186, 1.0003627346551223, 
    1.0107192936685268, 1.0884693136106369, 1.0822138628834597, 
    1.0030567520246056, 0.90186621698231717, 0.77395939149666015, 
    0.68034476004281386, 0.25780144155070323, 0.89135321070311591, 
    0.91549133741889199, 1.0569807538522333, 1.068204734503128, 
    1.0564296020623916, 1.0121552235654578, 0.92533983349548066, 
    0.85213998049468698, 0.47320051866926927, 0.22031621997570888, 
    0.78778484475066379, 0.82166269499217393, 1.0071808013040444, 
    1.0311914530370334, 1.0700622012652143, 1.0693080573242721, 
    1.015350137313225, 0.95928110909786479, 0.62276474567006346, 
    0.37934697234510784, 0.16451893622933145, 0.71642199935840023, 
    0.75551822045307893, 0.96447605035387352, 0.9956619260630436, 
    1.0637364903595046, 1.0886620179043329, 1.0548474164148913, 
    1.0096634136920948, 0.70261179040695987, 0.46771772596594596, 
    0.25896841154260819, 0.096673594019912476, 0.64129492915119224, 
    0.68770998793887272, 0.92679219687086822, 0.96710912408227478, 
    1.071238209385784, 1.1262426134992982, 1.1152906907588245, 
    1.0821750033315023, 0.80638095916362029, 0.57989268520942194, 
    0.37588501752141495, 0.21438145060707806, 0.11772986459769445
    ), wvec = numeric(0), delta = c(0.14000000000000001, 0.57999999999999996, 
    0.5, 0.57999999999999996, 0.56000000000000005, 0.19, 0.81999999999999995, 
    0.78000000000000003, 0.53000000000000003, 0.46000000000000002, 
    0.93999999999999995, 0.91000000000000003, 0.82999999999999996, 
    0.75, 0.39000000000000001, 0.93000000000000005, 0.93000000000000005, 
    0.90000000000000002, 0.90000000000000002, 0.68999999999999995, 
    0.38, 0.95999999999999996, 0.93000000000000005, 0.92000000000000004, 
    0.91000000000000003, 0.73999999999999999, 0.55000000000000004, 
    0.27000000000000002, 0.97999999999999998, 0.97999999999999998, 
    0.97999999999999998, 0.97999999999999998, 0.93000000000000005, 
    0.85999999999999999, 0.78000000000000003, 0.67000000000000004, 
    0.93000000000000005, 0.95999999999999996, 0.98999999999999999, 
    0.98999999999999999, 0.97999999999999998, 0.92000000000000004, 
    0.85999999999999999, 0.81000000000000005, 0.41999999999999998, 
    0.91000000000000003, 0.93000000000000005, 0.97999999999999998, 
    1, 0.97999999999999998, 0.97999999999999998, 0.94999999999999996, 
    0.95999999999999996, 0.63, 0.26000000000000001, 0.88, 0.89000000000000001, 
    0.98999999999999999, 0.98999999999999999, 0.98999999999999999, 
    0.97999999999999998, 0.97999999999999998, 0.96999999999999997, 
    0.72999999999999998, 0.5, 0.23999999999999999, 0.87, 0.87, 
    0.94999999999999996, 0.97999999999999998, 0.97999999999999998, 
    0.97999999999999998, 0.97999999999999998, 0.97999999999999998, 
    0.80000000000000004, 0.58999999999999997, 0.38, 0.14999999999999999, 
    0.83999999999999997, 0.85999999999999999, 0.96999999999999997, 
    0.95999999999999996, 1, 0.98999999999999999, 1, 0.97999999999999998, 
    0.77000000000000002, 0.71999999999999997, 0.45000000000000001, 
    0.32000000000000001, 0.23999999999999999), haveweights = 0L, 
    havelabels = 1L, labels = c("434", "445", "465", "472", "490", 
    "504", "537", "555", "584", "600", "610", "628", "651", "674"
    ), ordinal = 1L, degree = 0L, innerKnots = numeric(0), ninner = 50L, 
    haveknots = 2L, intercept = 0L, anchor = 1L, basis = numeric(0), 
    coef = numeric(0), transform = 0L)
