ekman5331012 <-
list(nobj = 14L, ndim = 2L, name = "ekman", snew = 0.078690187045962506, 
    itel = 2944, xnew = c(-0.22858065660139062, -0.60417511839766203, 
    -0.28989125009072958, -0.5700533852330939, -0.61706509908478668, 
    -0.37241314050118968, -0.65583560334675972, -0.30733853044729442, 
    -0.66497141580753516, 0.090934547620067016, -0.53964923278371146, 
    0.43623209305087651, -0.34390566791697991, 0.62585890941269773, 
    -0.2191298941053367, 0.67708083615463888, 0.39808507069185867, 
    0.49462532849253799, 0.57196273758216287, 0.25938378284901548, 
    0.68158717850884765, 0.013825744048605013, 0.67208104791348255, 
    -0.15257765457004727, 0.62703404891870596, -0.24105473415930642, 
    0.60827873612217198, -0.35032867831984482), evec = c(0.064788176150380558, 
    0.48738813794113733, 0.39931439171432337, 0.48738813794113733, 
    0.46258262567589087, 0.10669678446787918, 0.84142283778601767, 
    0.77417003801206596, 0.4291550776463337, 0.36312612198850175, 
    1.1771361591147678, 1.0881146172918952, 0.86228418264545192, 
    0.73274397721539208, 0.3020707874176789, 1.148041729074031, 
    1.148041729074031, 1.0573534727886331, 1.0573534727886331, 
    0.64675249287099523, 0.29290910241878609, 1.2364161035137631, 
    1.148041729074031, 1.1184544315270546, 1.0881146172918952, 
    0.71913050350614549, 0.45097084615633365, 0.18406751620867359, 
    1.3014654037514763, 1.3014654037514763, 1.3014654037514763, 
    1.3014654037514763, 1.148041729074031, 0.93773581185432919, 
    0.77417003801206596, 0.61666152705471033, 1.148041729074031, 
    1.2364161035137631, 1.3377715285906175, 1.3377715285906175, 
    1.3014654037514763, 1.1184544315270546, 0.93773581185432919, 
    0.8224660605220071, 0.32856189180130058, 1.0881146172918952, 
    1.148041729074031, 1.3014654037514763, 1.3774615519262903, 
    1.3014654037514763, 1.3014654037514763, 1.2063785550905886, 
    1.2364161035137631, 0.55689166838090887, 0.17400782632196313, 
    0.99609523692975477, 1.0265530090052561, 1.3377715285906175, 
    1.3377715285906175, 1.3377715285906175, 1.3014654037514763, 
    1.3014654037514763, 1.2678959908966445, 0.70519563389634576, 
    0.39931439171432337, 0.15411200867755392, 0.96636216755011484, 
    0.96636216755011484, 1.2063785550905886, 1.3014654037514763, 
    1.3014654037514763, 1.3014654037514763, 1.3014654037514763, 
    1.3014654037514763, 0.80512854122437072, 0.50053905840674262, 
    0.29290910241878609, 0.072598199009091813, 0.88533128546627904, 
    0.93773581185432919, 1.2678959908966445, 1.2364161035137631, 
    1.3774615519262903, 1.3377715285906175, 1.3774615519262903, 
    1.3014654037514763, 0.75997843483931204, 0.69093662643878417, 
    0.35443889564991898, 0.23460931273118812, 0.15411200867755392
    ), dvec = c(0.0701660997075437, 0.45236464986791353, 0.38223604461546146, 
    0.52024873807093908, 0.45048236880603654, 0.075748642723115517, 
    0.82074011874148933, 0.75999353819071458, 0.46581766311428519, 
    0.39837784549667038, 1.0859147410005172, 1.0368170107227537, 
    0.81234249556552296, 0.75259321338560625, 0.36733641861160288, 
    1.2354284956266461, 1.1971314772480388, 1.0349701254022718, 
    0.98395007311269111, 0.62388082780910559, 0.27253233325654452, 
    1.2812908092964237, 1.2491400784769007, 1.1224036860233941, 
    1.0769370296470477, 0.73643881893649887, 0.40092488513621199, 
    0.13488024136044213, 1.2649396649050424, 1.267616732856589, 
    1.335022686665863, 1.3243469402734629, 1.137125912135442, 
    0.9395506340055112, 0.75350680749573717, 0.64361815158200608, 
    1.1775413801193118, 1.1961430984057617, 1.3464600063587746, 
    1.3522806463067256, 1.2483514107298099, 1.1255916210961927, 
    0.98646791867825556, 0.89459397508056959, 0.29252696942328077, 
    1.1001502415822975, 1.1334395329460936, 1.3548720286570992, 
    1.3754439969111316, 1.3487645515491333, 1.2922250175353198, 
    1.1942446037458729, 1.1185698735900451, 0.55815919372355971, 
    0.26891684303515112, 1.0075374808488122, 1.0486547038087177, 
    1.3077558752286549, 1.3369044698094583, 1.3590465346550582, 
    1.3472146050469898, 1.2799189391868657, 1.2176165876028608, 
    0.70281256165405981, 0.42395271196676965, 0.16667470591164762, 
    0.92947992864378348, 0.97416226388210836, 1.2510146765644661, 
    1.2845808991083685, 1.3339771377721787, 1.3490245832142416, 
    1.3016386592062523, 1.2485857375245439, 0.77048217968655119, 
    0.50345958987570694, 0.2606532219627688, 0.099284569451045634, 
    0.87451224024014151, 0.92465575808610911, 1.225542833992161, 
    1.2648451352102663, 1.3475456147959965, 1.3915518203989714, 
    1.3636705414939767, 1.3191570610839545, 0.87070583471993035, 
    0.61079303946144226, 0.37146005310889074, 0.20778884085534668, 
    0.110871802684435), wvec = numeric(0), delta = c(0.14000000000000001, 
    0.57999999999999996, 0.5, 0.57999999999999996, 0.56000000000000005, 
    0.19, 0.81999999999999995, 0.78000000000000003, 0.53000000000000003, 
    0.46000000000000002, 0.93999999999999995, 0.91000000000000003, 
    0.82999999999999996, 0.75, 0.39000000000000001, 0.93000000000000005, 
    0.93000000000000005, 0.90000000000000002, 0.90000000000000002, 
    0.68999999999999995, 0.38, 0.95999999999999996, 0.93000000000000005, 
    0.92000000000000004, 0.91000000000000003, 0.73999999999999999, 
    0.55000000000000004, 0.27000000000000002, 0.97999999999999998, 
    0.97999999999999998, 0.97999999999999998, 0.97999999999999998, 
    0.93000000000000005, 0.85999999999999999, 0.78000000000000003, 
    0.67000000000000004, 0.93000000000000005, 0.95999999999999996, 
    0.98999999999999999, 0.98999999999999999, 0.97999999999999998, 
    0.92000000000000004, 0.85999999999999999, 0.81000000000000005, 
    0.41999999999999998, 0.91000000000000003, 0.93000000000000005, 
    0.97999999999999998, 1, 0.97999999999999998, 0.97999999999999998, 
    0.94999999999999996, 0.95999999999999996, 0.63, 0.26000000000000001, 
    0.88, 0.89000000000000001, 0.98999999999999999, 0.98999999999999999, 
    0.98999999999999999, 0.97999999999999998, 0.97999999999999998, 
    0.96999999999999997, 0.72999999999999998, 0.5, 0.23999999999999999, 
    0.87, 0.87, 0.94999999999999996, 0.97999999999999998, 0.97999999999999998, 
    0.97999999999999998, 0.97999999999999998, 0.97999999999999998, 
    0.80000000000000004, 0.58999999999999997, 0.38, 0.14999999999999999, 
    0.83999999999999997, 0.85999999999999999, 0.96999999999999997, 
    0.95999999999999996, 1, 0.98999999999999999, 1, 0.97999999999999998, 
    0.77000000000000002, 0.71999999999999997, 0.45000000000000001, 
    0.32000000000000001, 0.23999999999999999), haveweights = 0L, 
    havelabels = 1L, labels = c("434", "445", "465", "472", "490", 
    "504", "537", "555", "584", "600", "610", "628", "651", "674"
    ), ordinal = 1L, degree = 3L, innerKnots = c(0.38666666666666671, 
    0.56666666666666665, 0.73999999999999999, 0.83666666666666656, 
    0.92333333333333334),