ekman50031012 <-
list(nobj = 14L, ndim = 2L, name = "ekman", snew = 0.046759501460053948, 
    itel = 1296, xnew = c(-0.24722883122735934, -0.60028316514126945, 
    -0.28240393800703745, -0.58488438305023582, -0.61262673640571674, 
    -0.35423709013430538, -0.642161638269792, -0.32642527486705214, 
    -0.67077226607318674, 0.095992994496891387, -0.52856321113271243, 
    0.45960138311034526, -0.370446633171092, 0.60478155755435903, 
    -0.20996697328672601, 0.67515286409838737, 0.40494674785841162, 
    0.51363941097497745, 0.57636386696316011, 0.24856563016562999, 
    0.6844746765115729, -0.010279650402968661, 0.66797616972480089, 
    -0.15348138449898049, 0.63566965939496756, -0.23420587943969334, 
    0.59473910712070932, -0.33393701286608524), evec = c(0, 0.46053790909223852, 
    0.41283738683204968, 0.46053790909223852, 0.44299451212980107, 
    0.063790844118818732, 0.84257852300725711, 0.80394440211154372, 
    0.41931503430559081, 0.41283738683205001, 1.1749122690902589, 
    1.0889147861477622, 0.84257852300725711, 0.79417526105922032, 
    0.34732350202454682, 1.1749122690902585, 1.1749122690902585, 
    1.0053318712175816, 1.0053318712175816, 0.60313533558210719, 
    0.22193493211210316, 1.2158057425577373, 1.1749122690902585, 
    1.1151230357856969, 1.0889147861477622, 0.74014008990589664, 
    0.41931503430559081, 0.21682650824564659, 1.3113645456177878, 
    1.3113645456177878, 1.3113645456177878, 1.3113645456177878, 
    1.1749122690902585, 0.95300825635818109, 0.80394440211154372, 
    0.60313533558210741, 1.1749122690902585, 1.2158057425577373, 
    1.3392177452358844, 1.3392177452358844, 1.3113645456177878, 
    1.1151230357856969, 0.95300825635818109, 0.84257852300725711, 
    0.34732350202454682, 1.0889147861477622, 1.1749122690902585, 
    1.3113645456177878, 1.3489090107181847, 1.3113645456177878, 
    1.3113645456177878, 1.2158057425577373, 1.2158057425577373, 
    0.59380658944080278, 0.21682650824564653, 1.0053318712175834, 
    1.0053318712175834, 1.3392177452358844, 1.3392177452358844, 
    1.3392177452358844, 1.3113645456177878, 1.3113645456177878, 
    1.2158057425577382, 0.71707035992718038, 0.41283738683204968, 
    0.12596227031944568, 0.96926826431837654, 0.96926826431837654, 
    1.2158057425577373, 1.3113645456177878, 1.3113645456177878, 
    1.3113645456177878, 1.3113645456177878, 1.3113645456177878, 
    0.80394440211154417, 0.48644026078101632, 0.22193493211210316, 
    0.06379084411881876, 0.88308922116220157, 0.95300825635818109, 
    1.2158057425577382, 1.2158057425577373, 1.3489090107181847, 
    1.3392177452358844, 1.3489090107181847, 1.3113645456177878, 
    0.80394440211154372, 0.60313533558210719, 0.3473235020245467, 
    0.21682650824564648, 0.12596227031944568), dvec = c(0.038398054987836223, 
    0.44051594765123364, 0.40279681020547048, 0.48059345204014231, 
    0.44297484522396147, 0.040568553050119728, 0.81497824000488961, 
    0.7838520022940233, 0.45396919689261434, 0.42338606769204573, 
    1.0965875655592938, 1.0731006026733081, 0.81816852592513556, 
    0.7941929927285527, 0.39042857935496394, 1.2113478495466679, 
    1.1929193461447285, 0.98912485006561635, 0.97003876661920296, 
    0.59081408892825704, 0.21465818241540996, 1.2759802156537579, 
    1.2621176561873193, 1.1053409260089067, 1.0908487506952087, 
    0.74011328350249028, 0.38466349414228873, 0.17523082497470416, 
    1.2907968436347048, 1.2958416150900745, 1.3374099659622434, 
    1.3424398119464722, 1.1539497069330868, 0.9350726987732606, 
    0.78073157117376946, 0.6357715627427889, 1.1827295590314442, 
    1.1967126085167059, 1.3330678056649963, 1.3473748356613773, 
    1.2564342177287908, 1.1248999675217461, 1.0116026443667914, 
    0.8945908888885985, 0.31567061629922655, 1.1028035064038284, 
    1.1247332368139855, 1.3419309951478748, 1.3637858950599488, 
    1.3594072790887028, 1.3008647518155181, 1.2211303203002193, 
    1.126873372136175, 0.59382408655449037, 0.28051528730864156, 
    1.0184458871010102, 1.0437101591588513, 1.2962432860134954, 
    1.3215031839358242, 1.3617947129163539, 1.3444615910774067, 
    1.2858011537036156, 1.2072360499543917, 0.71710154965748985, 
    0.41235253851287978, 0.14414901100700636, 0.95578361769273723, 
    0.98276881469712285, 1.2540539794242482, 1.2811546519388637, 
    1.3475243229604159, 1.3552884174168611, 1.3100266843086525, 
    1.2417868734136268, 0.78262739557423411, 0.48640056281070171, 
    0.22918308346463931, 0.08694915004256687, 0.88309132145995684, 
    0.91233464486355975, 1.2075364894078249, 1.236923554693395, 
    1.3365473605204681, 1.3753222473596354, 1.3463937268551258, 
    1.2906642691408454, 0.86856602160431873, 0.58279239750513334, 
    0.33586687941874183, 0.19475086944155662, 0.10780356712089149
    ), wvec = numeric(0), delta = c(0.14000000000000001, 0.57999999999999996, 
    0.5, 0.57999999999999996, 0.56000000000000005, 0.19, 0.81999999999999995, 
    0.78000000000000003, 0.53000000000000003, 0.46000000000000002, 
    0.93999999999999995, 0.91000000000000003, 0.82999999999999996, 
    0.75, 0.39000000000000001, 0.93000000000000005, 0.93000000000000005, 
    0.90000000000000002, 0.90000000000000002, 0.68999999999999995, 
    0.38, 0.95999999999999996, 0.93000000000000005, 0.92000000000000004, 
    0.91000000000000003, 0.73999999999999999, 0.55000000000000004, 
    0.27000000000000002, 0.97999999999999998, 0.97999999999999998, 
    0.97999999999999998, 0.97999999999999998, 0.93000000000000005, 
    0.85999999999999999, 0.78000000000000003, 0.67000000000000004, 
    0.93000000000000005, 0.95999999999999996, 0.98999999999999999, 
    0.98999999999999999, 0.97999999999999998, 0.92000000000000004, 
    0.85999999999999999, 0.81000000000000005, 0.41999999999999998, 
    0.91000000000000003, 0.93000000000000005, 0.97999999999999998, 
    1, 0.97999999999999998, 0.97999999999999998, 0.94999999999999996, 
    0.95999999999999996, 0.63, 0.26000000000000001, 0.88, 0.89000000000000001, 
    0.98999999999999999, 0.98999999999999999, 0.98999999999999999, 
    0.97999999999999998, 0.97999999999999998, 0.96999999999999997, 
    0.72999999999999998, 0.5, 0.23999999999999999, 0.87, 0.87, 
    0.94999999999999996, 0.97999999999999998, 0.97999999999999998, 
    0.97999999999999998, 0.97999999999999998, 0.97999999999999998, 
    0.80000000000000004, 0.58999999999999997, 0.38, 0.14999999999999999, 
    0.83999999999999997, 0.85999999999999999, 0.96999999999999997, 
    0.95999999999999996, 1, 0.98999999999999999, 1, 0.97999999999999998, 
    0.77000000000000002, 0.71999999999999997, 0.45000000000000001, 
    0.32000000000000001, 0.23999999999999999), haveweights = 0L, 
    havelabels = 1L, labels = c("434", "445", "465", "472", "490", 
    "504", "537", "555", "584", "600", "610", "628", "651", "674"
    ), ordinal = 1L, degree = 0L, innerKnots = c(0.14901960784313725, 
    0.18215686274509804, 0.22529411764705881, 0.25215686274509802, 
    0.26509803921568631, 0.2905882352941177, 0.33882352941176475, 
    0.38215686274509802, 0.39352941176470596, 0.42058823529411765, 
    0.44764705882352945, 0.45823529411764707, 0.48901960784313725, 
    0.51882352941176468, 0.5405882352941177, 0.55431372549019609, 
    0.56666666666666665, 0.58235294117647052, 0.59549019607843134, 
    0.6315686274509803, 0.66764705882352937, 0.68686274509803924, 
    0.71235294117647052, 0.72647058823529409, 0.73549019607843125, 
    0.74450980392156862, 0.75705882352941178, 0.77254901960784328, 
    0.78313725490196084, 0.80058823529411771, 0.80960784313725498, 
    0.81862745098039214, 0.82764705882352929, 0.83666666666666656, 
    0.85137254901960779, 0.86470588235294121, 0.87372549019607848, 
    0.88274509803921575, 0.8917647058823529, 0.90078431372549017, 
    0.90980392156862755, 0.91882352941176482, 0.92784313725490197, 
    0.93686274509803924, 0.9458823529411764, 0.95490196078431366, 
    0.96392156862745093, 0.9729411764705882, 0.98196078431372547, 
    0.99098039215686273),