hoogeveenNames <-
c("Wim", "Zus", "Jet", "Teun", "Gijs")
hoogeveenData <-
structure(list(V1 = c(3L, 3L, 2L, 1L, 5L, 2L, 4L, 5L, 5L, 2L), 
    V2 = c(5L, 4L, 3L, 3L, 4L, 1L, 1L, 2L, 1L, 3L), V3 = c(2L, 
    1L, 1L, 5L, 3L, 4L, 5L, 4L, 2L, 4L), V4 = c(2L, 2L, 3L, 2L, 
    1L, 3L, 3L, 2L, 1L, 1L), V5 = c(3L, 1L, 2L, 3L, 3L, 2L, 1L, 
    3L, 2L, 2L)), class = "data.frame", row.names = c(NA, -10L
))
hoogeveenXold <-
c(-0.40000000000000002, -0.40000000000000002, 0.59999999999999998, 
-1.3999999999999999, 0.59999999999999998, -0.40000000000000002, 
-0.40000000000000002, 1.6000000000000001, -0.40000000000000002, 
0.59999999999999998)
