glassPF <-
list(thedata = structure(c(1L, 1L, 1L, 1L, 1L, 1L, 1L, 2L, 2L, 
2L, 2L, 2L, 2L, 2L, 3L, 3L, 3L, 3L, 3L, 3L, 3L, 4L, 4L, 4L, 4L, 
4L, 4L, 4L, 5L, 5L, 5L, 5L, 5L, 5L, 5L, 6L, 6L, 6L, 6L, 6L, 6L, 
6L, 7L, 7L, 7L, 7L, 7L, 7L, 7L, 1L, 2L, 3L, 4L, 5L, 6L, 7L, 1L, 
2L, 3L, 4L, 5L, 6L, 7L, 1L, 2L, 3L, 4L, 5L, 6L, 7L, 1L, 2L, 3L, 
4L, 5L, 6L, 7L, 1L, 2L, 3L, 4L, 5L, 6L, 7L, 1L, 2L, 3L, 4L, 5L, 
6L, 7L, 1L, 2L, 3L, 4L, 5L, 6L, 7L), dim = c(49L, 2L)), wmat = list(
    structure(c(50, 19, 26, 8, 18, 6, 2, 16, 40, 34, 18, 31, 
    8, 3, 12, 35, 65, 66, 123, 23, 21, 11, 20, 58, 110, 223, 
    64, 32, 14, 36, 114, 185, 714, 258, 189, 0, 6, 19, 40, 179, 
    143, 71, 0, 3, 14, 32, 141, 91, 106, 50, 19, 26, 8, 18, 6, 
    2, 16, 40, 34, 18, 31, 8, 3, 12, 35, 65, 66, 123, 23, 21, 
    11, 20, 58, 110, 223, 64, 32, 14, 36, 114, 185, 714, 258, 
    189, 0, 6, 19, 40, 179, 143, 71, 0, 3, 14, 32, 141, 91, 106, 
    50, 19, 26, 8, 18, 6, 2, 16, 40, 34, 18, 31, 8, 3, 12, 35, 
    65, 66, 123, 23, 21, 11, 20, 58, 110, 223, 64, 32, 14, 36, 
    114, 185, 714, 258, 189, 0, 6, 19, 40, 179, 143, 71, 0, 3, 
    14, 32, 141, 91, 106, 50, 19, 26, 8, 18, 6, 2, 16, 40, 34, 
    18, 31, 8, 3, 12, 35, 65, 66, 123, 23, 21, 11, 20, 58, 110, 
    223, 64, 32, 14, 36, 114, 185, 714, 258, 189, 0, 6, 19, 40, 
    179, 143, 71, 0, 3, 14, 32, 141, 91, 106, 50, 19, 26, 8, 
    18, 6, 2, 16, 40, 34, 18, 31, 8, 3, 12, 35, 65, 66, 123, 
    23, 21, 11, 20, 58, 110, 223, 64, 32, 14, 36, 114, 185, 714, 
    258, 189, 0, 6, 19, 40, 179, 143, 71, 0, 3, 14, 32, 141, 
    91, 106, 50, 19, 26, 8, 18, 6, 2, 16, 40, 34, 18, 31, 8, 
    3, 12, 35, 65, 66, 123, 23, 21, 11, 20, 58, 110, 223, 64, 
    32, 14, 36, 114, 185, 714, 258, 189, 0, 6, 19, 40, 179, 143, 
    71, 0, 3, 14, 32, 141, 91, 106, 50, 19, 26, 8, 18, 6, 2, 
    16, 40, 34, 18, 31, 8, 3, 12, 35, 65, 66, 123, 23, 21, 11, 
    20, 58, 110, 223, 64, 32, 14, 36, 114, 185, 714, 258, 189, 
    0, 6, 19, 40, 179, 143, 71, 0, 3, 14, 32, 141, 91, 106), dim = c(49L, 
    7L)), structure(c(50, 19, 26, 8, 18, 6, 2, 16, 40, 34, 18, 
    31, 8, 3, 12, 35, 65, 66, 123, 23, 21, 11, 20, 58, 110, 223, 
    64, 32, 14, 36, 114, 185, 714, 258, 189, 0, 6, 19, 40, 179, 
    143, 71, 0, 3, 14, 32, 141, 91, 106, 50, 19, 26, 8, 18, 6, 
    2, 16, 40, 34, 18, 31, 8, 3, 12, 35, 65, 66, 123, 23, 21, 
    11, 20, 58, 110, 223, 64, 32, 14, 36, 114, 185, 714, 258, 
    189, 0, 6, 19, 40, 179, 143, 71, 0, 3, 14, 32, 141, 91, 106, 
    50, 19, 26, 8, 18, 6, 2, 16, 40, 34, 18, 31, 8, 3, 12, 35, 
    65, 66, 123, 23, 21, 11, 20, 58, 110, 223, 64, 32, 14, 36, 
    114, 185, 714, 258, 189, 0, 6, 19, 40, 179, 143, 71, 0, 3, 
    14, 32, 141, 91, 106, 50, 19, 26, 8, 18, 6, 2, 16, 40, 34, 
    18, 31, 8, 3, 12, 35, 65, 66, 123, 23, 21, 11, 20, 58, 110, 
    223, 64, 32, 14, 36, 114, 185, 714, 258, 189, 0, 6, 19, 40, 
    179, 143, 71, 0, 3, 14, 32, 141, 91, 106, 50, 19, 26, 8, 
    18, 6, 2, 16, 40, 34, 18, 31, 8, 3, 12, 35, 65, 66, 123, 
    23, 21, 11, 20, 58, 110, 223, 64, 32, 14, 36, 114, 185, 714, 
    258, 189, 0, 6, 19, 40, 179, 143, 71, 0, 3, 14, 32, 141, 
    91, 106, 50, 19, 26, 8, 18, 6, 2, 16, 40, 34, 18, 31, 8, 
    3, 12, 35, 65, 66, 123, 23, 21, 11, 20, 58, 110, 223, 64, 
    32, 14, 36, 114, 185, 714, 258, 189, 0, 6, 19, 40, 179, 143, 
    71, 0, 3, 14, 32, 141, 91, 106, 50, 19, 26, 8, 18, 6, 2, 
    16, 40, 34, 18, 31, 8, 3, 12, 35, 65, 66, 123, 23, 21, 11, 
    20, 58, 110, 223, 64, 32, 14, 36, 114, 185, 714, 258, 189, 
    0, 6, 19, 40, 179, 143, 71, 0, 3, 14, 32, 141, 91, 106), dim = c(49L, 
    7L))))
