breakfast <-
structure(list(toast = c(13L, 15L, 15L, 6L, 15L, 9L, 9L, 15L, 
15L, 15L, 9L, 11L, 12L, 13L, 12L, 15L, 7L, 7L, 2L, 10L, 12L, 
14L, 14L, 10L, 15L, 15L, 11L, 6L, 15L, 15L, 11L, 9L, 15L, 15L, 
15L, 12L, 5L, 15L, 6L, 14L, 10L, 13L), butoast = c(12L, 11L, 
10L, 14L, 9L, 11L, 14L, 10L, 12L, 13L, 2L, 1L, 1L, 11L, 11L, 
12L, 10L, 12L, 9L, 11L, 1L, 12L, 6L, 11L, 8L, 13L, 3L, 15L, 7L, 
10L, 4L, 3L, 8L, 8L, 6L, 2L, 1L, 11L, 1L, 1L, 3L, 3L), engmuff = c(7L, 
6L, 12L, 11L, 6L, 14L, 5L, 12L, 2L, 10L, 4L, 2L, 14L, 14L, 8L, 
4L, 8L, 6L, 8L, 15L, 2L, 10L, 1L, 9L, 7L, 8L, 6L, 3L, 10L, 7L, 
9L, 10L, 1L, 3L, 10L, 13L, 6L, 7L, 12L, 5L, 2L, 1L), jdonut = c(3L, 
3L, 14L, 3L, 14L, 4L, 6L, 6L, 4L, 7L, 15L, 15L, 4L, 5L, 1L, 14L, 
3L, 4L, 5L, 6L, 10L, 1L, 13L, 15L, 5L, 5L, 14L, 11L, 2L, 2L, 
10L, 13L, 11L, 11L, 14L, 11L, 11L, 13L, 5L, 15L, 14L, 14L), cintoast = c(5L, 
10L, 3L, 7L, 13L, 7L, 8L, 9L, 5L, 6L, 8L, 12L, 5L, 4L, 4L, 5L, 
13L, 10L, 15L, 9L, 3L, 11L, 2L, 5L, 9L, 10L, 1L, 8L, 12L, 9L, 
15L, 14L, 10L, 10L, 12L, 9L, 12L, 4L, 15L, 4L, 9L, 4L), bluemuff = c(4L, 
5L, 2L, 8L, 2L, 6L, 4L, 2L, 8L, 4L, 5L, 3L, 6L, 12L, 7L, 3L, 
6L, 1L, 12L, 4L, 15L, 5L, 5L, 6L, 10L, 7L, 7L, 2L, 9L, 6L, 8L, 
11L, 2L, 2L, 8L, 15L, 10L, 6L, 9L, 6L, 1L, 10L), hrolls = c(8L, 
14L, 9L, 12L, 12L, 15L, 13L, 13L, 10L, 9L, 1L, 4L, 11L, 10L, 
14L, 11L, 15L, 15L, 7L, 14L, 5L, 15L, 15L, 12L, 13L, 14L, 9L, 
13L, 13L, 14L, 6L, 1L, 4L, 4L, 2L, 3L, 7L, 9L, 2L, 3L, 8L, 5L
), toastmarm = c(11L, 8L, 8L, 10L, 8L, 10L, 11L, 8L, 11L, 12L, 
10L, 8L, 13L, 8L, 10L, 9L, 12L, 9L, 10L, 2L, 6L, 8L, 8L, 1L, 
3L, 12L, 4L, 9L, 8L, 12L, 5L, 2L, 13L, 13L, 4L, 1L, 4L, 14L, 
7L, 8L, 12L, 15L), butoastj = c(10L, 9L, 7L, 9L, 7L, 8L, 12L, 
7L, 3L, 11L, 6L, 7L, 2L, 7L, 9L, 7L, 11L, 8L, 6L, 13L, 4L, 7L, 
4L, 3L, 11L, 11L, 2L, 10L, 5L, 8L, 1L, 4L, 14L, 14L, 3L, 4L, 
3L, 8L, 11L, 9L, 13L, 6L), toastmarg = c(15L, 12L, 11L, 15L, 
10L, 12L, 15L, 11L, 13L, 14L, 7L, 14L, 15L, 15L, 13L, 13L, 9L, 
13L, 11L, 12L, 13L, 13L, 12L, 13L, 6L, 6L, 5L, 14L, 6L, 11L, 
13L, 5L, 9L, 9L, 5L, 5L, 2L, 12L, 3L, 2L, 4L, 2L), cinbun = c(2L, 
7L, 1L, 4L, 11L, 5L, 7L, 3L, 7L, 5L, 11L, 10L, 10L, 3L, 5L, 6L, 
5L, 5L, 1L, 8L, 7L, 2L, 7L, 8L, 2L, 4L, 10L, 5L, 11L, 5L, 14L, 
15L, 6L, 6L, 11L, 6L, 13L, 1L, 8L, 12L, 11L, 11L), danpastry = c(1L, 
1L, 6L, 1L, 1L, 2L, 2L, 1L, 9L, 2L, 13L, 9L, 3L, 2L, 2L, 8L, 
1L, 3L, 3L, 1L, 11L, 6L, 10L, 2L, 1L, 1L, 15L, 7L, 1L, 3L, 2L, 
6L, 5L, 5L, 1L, 8L, 9L, 10L, 10L, 11L, 5L, 7L), gdonut = c(6L, 
4L, 4L, 2L, 4L, 3L, 1L, 5L, 6L, 8L, 14L, 13L, 9L, 6L, 6L, 1L, 
4L, 14L, 4L, 3L, 8L, 4L, 9L, 14L, 12L, 3L, 13L, 12L, 3L, 1L, 
12L, 7L, 12L, 12L, 13L, 10L, 8L, 3L, 4L, 13L, 15L, 12L), cofcake = c(9L, 
2L, 5L, 5L, 3L, 1L, 3L, 4L, 1L, 1L, 12L, 5L, 8L, 1L, 3L, 2L, 
2L, 2L, 13L, 7L, 9L, 3L, 3L, 4L, 4L, 2L, 12L, 1L, 4L, 4L, 3L, 
8L, 3L, 1L, 7L, 7L, 14L, 2L, 14L, 10L, 6L, 8L), cornmuff = c(14L, 
13L, 13L, 13L, 5L, 13L, 10L, 14L, 14L, 3L, 3L, 6L, 7L, 9L, 15L, 
10L, 14L, 11L, 14L, 5L, 14L, 9L, 11L, 7L, 14L, 9L, 8L, 4L, 14L, 
13L, 7L, 12L, 7L, 7L, 9L, 14L, 15L, 5L, 13L, 7L, 7L, 9L)), class = "data.frame", row.names = c(NA, 
-42L))
