wish53310 <-
list(nobj = 12L, ndim = 3L, name = "wish", snew = 0.52636049211928204, 
    itel = 1367, xnew = c(0.3036165612299937, -0.65353906998608646, 
    0.33663896391215847, -0.37446666114114396, -0.72966821214225785, 
    -0.016044858846047724, -0.50604813561564399, -0.1552479321072294, 
    0.35731428878727395, -0.36321287020994986, -0.13383399901107729, 
    -0.41545953953057257, 0.29049984494712611, 0.030955029384612018, 
    0.5304516709193885, -0.0026867191036057717, -0.29919740920562532, 
    -0.50558453132853565, 0.57183298665320814, 0.044876554952688462, 
    -0.40624376871559847, 0.43115085798925162, 0.50850703555030108, 
    -0.22043867847185611, -0.69213049788629322, 0.34558135124515704, 
    -0.09640441139981018, -0.15146687275893181, 0.45990214646473654, 
    0.057164098552540572, 0.71101661446806652, 0.055964014117233243, 
    0.10144036892519832, -0.21810510857207746, 0.52570049073754765, 
    0.27716639719586078), evec = c(0.81967322469745241, 0.7337696158329523, 
    0.8417275828741323, 1.2367553067573849, 0.79521428129127003, 
    0.76018988806130439, 0.82873280624439294, 1.0350079743092346, 
    0.98364019159900495, 0.82431021122077619, 0.84989678287157999, 
    0.81967322469745241, 1.0350079743092346, 0.58860393292286717, 
    1.2367553067573849, 1.1104447808497842, 1.2604645151901286, 
    1.1898850707048896, 0.83214017197709167, 1.0350079743092346, 
    0.98364019159900495, 1.2216418336344355, 1.2481679612189975, 
    1.3176286886031987, 1.1104447808497842, 0.93492825613524444, 
    0.84989678287157999, 0.81967322469745241, 1.4271096634237304, 
    1.0350079743092346, 0.67687503706463359, 0.8741358973364397, 
    1.1703375542415124, 0.98364019159900495, 1.3099702989316999, 
    0.95648625207781857, 1.3022595701536335, 1.2481679612189975, 
    0.69263347712068557, 0.8741358973364397, 0.78385407162306686, 
    0.84989678287157999, 0.95648625207781857, 0.83675913173567351, 
    0.61826028226412599, 0.70567223068488638, 1.4271096634237304, 
    1.2871890736811571, 1.2604645151901286, 0.55882202421961269, 
    0.91090302780804544, 0.55882202421961269, 0.52628384569039011, 
    1.3804317459568511, 0.79521428129127003, 1.2871890736811571, 
    1.2216418336344355, 0.77350819372194124, 0.91090302780804544, 
    0.82873280624439294, 1.0350079743092346, 0.86141609449268708, 
    0.91090302780804544, 0.78385407162306686, 0.36385561506507191, 
    1.2049721384253813), dvec = c(0.7681005022664692, 0.95093556483362007, 
    0.69761694049233391, 1.1315507104467097, 0.71741002536506071, 
    0.7861551114806683, 0.71152483141266343, 1.1486455618752673, 
    0.83614399555251329, 1.1615695226255476, 0.96370126493806696, 
    0.75044955088040777, 1.0093010162221989, 0.40675137026113106, 
    1.1262015833833903, 1.0543240443345252, 1.2836112374520821, 
    1.3360009098956913, 0.95201530815775637, 0.97813112215558229, 
    0.67699953635954035, 1.2949716784108813, 1.4912660274510283, 
    1.2855781197114424, 1.0400234966614939, 0.90093004327281478, 
    0.96016127331695877, 0.51891060446389081, 1.4755610413539706, 
    1.1240683228465769, 0.70094027956092475, 0.66319081616385389, 
    1.2072699205252286, 1.0288346536618431, 1.3356749200701472, 
    1.1417925741885002, 1.2348920903262834, 1.2125040598440373, 
    0.77086161393216579, 0.78786552225358908, 0.77674406014344299, 
    0.95658438727258754, 0.95402084866188952, 0.64720101764199944, 
    0.57355879123633202, 0.85128597358017533, 1.345100262177213, 
    1.2614787176127205, 1.207136192358027, 0.60125743239018214, 
    1.0019936698882346, 0.52653413717869235, 0.6218730972235933, 
    1.4463203580034745, 0.95341710107473188, 1.2908665417108598, 
    1.2986040027512651, 0.74365692757100721, 0.96735344827095215, 
    0.7533959783266716, 1.1573939018146122, 1.1498883886634057, 
    0.81819297011587411, 0.62983975990786467, 0.23910476362815616, 
    1.0558405043871613), wvec = numeric(0), delta = c(4.1699999999999999, 
    3.7200000000000002, 4.4400000000000004, 5.5599999999999996, 
    4, 3.8300000000000001, 4.2800000000000002, 5, 4.8899999999999997, 
    4.2199999999999998, 4.5, 4.1699999999999999, 5, 3.1699999999999999, 
    5.5599999999999996, 5.1699999999999999, 5.6699999999999999, 
    5.3899999999999997, 4.3300000000000001, 5, 4.8899999999999997, 
    5.5, 5.6100000000000003, 6.0599999999999996, 5.1699999999999999, 
    4.7800000000000002, 4.5, 4.1699999999999999, 6.6100000000000003, 
    5, 3.5, 4.6100000000000003, 5.3300000000000001, 4.8899999999999997, 
    6, 4.8300000000000001, 5.9400000000000004, 5.6100000000000003, 
    3.5600000000000001, 4.6100000000000003, 3.9399999999999999, 
    4.5, 4.8300000000000001, 4.3899999999999997, 3.2799999999999998, 
    3.6099999999999999, 6.6100000000000003, 5.8300000000000001, 
    5.6699999999999999, 3.0600000000000001, 4.7199999999999998, 
    3.0600000000000001, 2.9399999999999999, 6.4400000000000004, 
    4, 5.8300000000000001, 5.5, 3.8900000000000001, 4.7199999999999998, 
    4.2800000000000002, 5, 4.5599999999999996, 4.7199999999999998, 
    3.9399999999999999, 2.3300000000000001, 5.4400000000000004
    ), haveweights = 0L, ordinal = 1L, degree = 3L, innerKnots = c(3.5933333333333333, 
    4.1866666666666665, 4.5599999999999996, 5.1133333333333333, 
    5.6300000000000008),