ekmanAllPairs <-
structure(c(3, 4, 5, 6, 7, 8, 9, 10, 11, 12, 13, 14, 3, 4, 5, 
6, 7, 8, 9, 10, 11, 12, 13, 14, 4, 5, 6, 7, 8, 9, 10, 11, 12, 
13, 14, 5, 6, 7, 8, 9, 10, 11, 12, 13, 14, 6, 7, 8, 9, 10, 11, 
12, 13, 14, 7, 8, 9, 10, 11, 12, 13, 14, 8, 9, 10, 11, 12, 13, 
14, 9, 10, 11, 12, 13, 14, 10, 11, 12, 13, 14, 11, 12, 13, 14, 
12, 13, 14, 13, 14, 14, 4, 5, 6, 7, 8, 9, 10, 11, 12, 13, 14, 
3, 4, 5, 6, 7, 8, 9, 10, 11, 12, 13, 14, 4, 5, 6, 7, 8, 9, 10, 
11, 12, 13, 14, 5, 6, 7, 8, 9, 10, 11, 12, 13, 14, 6, 7, 8, 9, 
10, 11, 12, 13, 14, 7, 8, 9, 10, 11, 12, 13, 14, 8, 9, 10, 11, 
12, 13, 14, 9, 10, 11, 12, 13, 14, 10, 11, 12, 13, 14, 11, 12, 
13, 14, 12, 13, 14, 13, 14, 14, 5, 6, 7, 8, 9, 10, 11, 12, 13, 
14, 3, 4, 5, 6, 7, 8, 9, 10, 11, 12, 13, 14, 4, 5, 6, 7, 8, 9, 
10, 11, 12, 13, 14, 5, 6, 7, 8, 9, 10, 11, 12, 13, 14, 6, 7, 
8, 9, 10, 11, 12, 13, 14, 7, 8, 9, 10, 11, 12, 13, 14, 8, 9, 
10, 11, 12, 13, 14, 9, 10, 11, 12, 13, 14, 10, 11, 12, 13, 14, 
11, 12, 13, 14, 12, 13, 14, 13, 14, 14, 6, 7, 8, 9, 10, 11, 12, 
13, 14, 3, 4, 5, 6, 7, 8, 9, 10, 11, 12, 13, 14, 4, 5, 6, 7, 
8, 9, 10, 11, 12, 13, 14, 5, 6, 7, 8, 9, 10, 11, 12, 13, 14, 
6, 7, 8, 9, 10, 11, 12, 13, 14, 7, 8, 9, 10, 11, 12, 13, 14, 
8, 9, 10, 11, 12, 13, 14, 9, 10, 11, 12, 13, 14, 10, 11, 12, 
13, 14, 11, 12, 13, 14, 12, 13, 14, 13, 14, 14, 7, 8, 9, 10, 
11, 12, 13, 14, 3, 4, 5, 6, 7, 8, 9, 10, 11, 12, 13, 14, 4, 5, 
6, 7, 8, 9, 10, 11, 12, 13, 14, 5, 6, 7, 8, 9, 10, 11, 12, 13, 
14, 6, 7, 8, 9, 10, 11, 12, 13, 14, 7, 8, 9, 10, 11, 12, 13, 
14, 8, 9, 10, 11, 12, 13, 14, 9, 10, 11, 12, 13, 14, 10, 11, 
12, 13, 14, 11, 12, 13, 14, 12, 13, 14, 13, 14, 14, 8, 9, 10, 
11, 12, 13, 14, 3, 4, 5, 6, 7, 8, 9, 10, 11, 12, 13, 14, 4, 5, 
6, 7, 8, 9, 10, 11, 12, 13, 14, 5, 6, 7, 8, 9, 10, 11, 12, 13, 
14, 6, 7, 8, 9, 10, 11, 12, 13, 14, 7, 8, 9, 10, 11, 12, 13, 
14, 8, 9, 10, 11, 12, 13, 14, 9, 10, 11, 12, 13, 14, 10, 11, 
12, 13, 14, 11, 12, 13, 14, 12, 13, 14, 13, 14, 14, 9, 10, 11, 
12, 13, 14, 3, 4, 5, 6, 7, 8, 9, 10, 11, 12, 13, 14, 4, 5, 6, 
7, 8, 9, 10, 11, 12, 13, 14, 5, 6, 7, 8, 9, 10, 11, 12, 13, 14, 
6, 7, 8, 9, 10, 11, 12, 13, 14, 7, 8, 9, 10, 11, 12, 13, 14, 
8, 9, 10, 11, 12, 13, 14, 9, 10, 11, 12, 13, 14, 10, 11, 12, 
13, 14, 11, 12, 13, 14, 12, 13, 14, 13, 14, 14, 10, 11, 12, 13, 
14, 3, 4, 5, 6, 7, 8, 9, 10, 11, 12, 13, 14, 4, 5, 6, 7, 8, 9, 
10, 11, 12, 13, 14, 5, 6, 7, 8, 9, 10, 11, 12, 13, 14, 6, 7, 
8, 9, 10, 11, 12, 13, 14, 7, 8, 9, 10, 11, 12, 13, 14, 8, 9, 
10, 11, 12, 13, 14, 9, 10, 11, 12, 13, 14, 10, 11, 12, 13, 14, 
11, 12, 13, 14, 12, 13, 14, 13, 14, 14, 11, 12, 13, 14, 3, 4, 
5, 6, 7, 8, 9, 10, 11, 12, 13, 14, 4, 5, 6, 7, 8, 9, 10, 11, 
12, 13, 14, 5, 6, 7, 8, 9, 10, 11, 12, 13, 14, 6, 7, 8, 9, 10, 
11, 12, 13, 14, 7, 8, 9, 10, 11, 12, 13, 14, 8, 9, 10, 11, 12, 
13, 14, 9, 10, 11, 12, 13, 14, 10, 11, 12, 13, 14, 11, 12, 13, 
14, 12, 13, 14, 13, 14, 14, 12, 13, 14, 3, 4, 5, 6, 7, 8, 9, 
10, 11, 12, 13, 14, 4, 5, 6, 7, 8, 9, 10, 11, 12, 13, 14, 5, 
6, 7, 8, 9, 10, 11, 12, 13, 14, 6, 7, 8, 9, 10, 11, 12, 13, 14, 
7, 8, 9, 10, 11, 12, 13, 14, 8, 9, 10, 11, 12, 13, 14, 9, 10, 
11, 12, 13, 14, 10, 11, 12, 13, 14, 11, 12, 13, 14, 12, 13, 14, 
13, 14, 14, 13, 14, 3, 4, 5, 6, 7, 8, 9, 10, 11, 12, 13, 14, 
4, 5, 6, 7, 8, 9, 10, 11, 12, 13, 14, 5, 6, 7, 8, 9, 10, 11, 
12, 13, 14, 6, 7, 8, 9, 10, 11, 12, 13, 14, 7, 8, 9, 10, 11, 
12, 13, 14, 8, 9, 10, 11, 12, 13, 14, 9, 10, 11, 12, 13, 14, 
10, 11, 12, 13, 14, 11, 12, 13, 14, 12, 13, 14, 13, 14, 14, 14, 
3, 4, 5, 6, 7, 8, 9, 10, 11, 12, 13, 14, 4, 5, 6, 7, 8, 9, 10, 
11, 12, 13, 14, 5, 6, 7, 8, 9, 10, 11, 12, 13, 14, 6, 7, 8, 9, 
10, 11, 12, 13, 14, 7, 8, 9, 10, 11, 12, 13, 14, 8, 9, 10, 11, 
12, 13, 14, 9, 10, 11, 12, 13, 14, 10, 11, 12, 13, 14, 11, 12, 
13, 14, 12, 13, 14, 13, 14, 14, 3, 4, 5, 6, 7, 8, 9, 10, 11, 
12, 13, 14, 4, 5, 6, 7, 8, 9, 10, 11, 12, 13, 14, 5, 6, 7, 8, 
9, 10, 11, 12, 13, 14, 6, 7, 8, 9, 10, 11, 12, 13, 14, 7, 8, 
9, 10, 11, 12, 13, 14, 8, 9, 10, 11, 12, 13, 14, 9, 10, 11, 12, 
13, 14, 10, 11, 12, 13, 14, 11, 12, 13, 14, 12, 13, 14, 13, 14, 
14, 4, 5, 6, 7, 8, 9, 10, 11, 12, 13, 14, 4, 5, 6, 7, 8, 9, 10, 
11, 12, 13, 14, 5, 6, 7, 8, 9, 10, 11, 12, 13, 14, 6, 7, 8, 9, 
10, 11, 12, 13, 14, 7, 8, 9, 10, 11, 12, 13, 14, 8, 9, 10, 11, 
12, 13, 14, 9, 10, 11, 12, 13, 14, 10, 11, 12, 13, 14, 11, 12, 
13, 14, 12, 13, 14, 13, 14, 14, 5, 6, 7, 8, 9, 10, 11, 12, 13, 
14, 4, 5, 6, 7, 8, 9, 10, 11, 12, 13, 14, 5, 6, 7, 8, 9, 10, 
11, 12, 13, 14, 6, 7, 8, 9, 10, 11, 12, 13, 14, 7, 8, 9, 10, 
11, 12, 13, 14, 8, 9, 10, 11, 12, 13, 14, 9, 10, 11, 12, 13, 
14, 10, 11, 12, 13, 14, 11, 12, 13, 14, 12, 13, 14, 13, 14, 14, 
6, 7, 8, 9, 10, 11, 12, 13, 14, 4, 5, 6, 7, 8, 9, 10, 11, 12, 
13, 14, 5, 6, 7, 8, 9, 10, 11, 12, 13, 14, 6, 7, 8, 9, 10, 11, 
12, 13, 14, 7, 8, 9, 10, 11, 12, 13, 14, 8, 9, 10, 11, 12, 13, 
14, 9, 10, 11, 12, 13, 14, 10, 11, 12, 13, 14, 11, 12, 13, 14, 
12, 13, 14, 13, 14, 14, 7, 8, 9, 10, 11, 12, 13, 14, 4, 5, 6, 
7, 8, 9, 10, 11, 12, 13, 14, 5, 6, 7, 8, 9, 10, 11, 12, 13, 14, 
6, 7, 8, 9, 10, 11, 12, 13, 14, 7, 8, 9, 10, 11, 12, 13, 14, 
8, 9, 10, 11, 12, 13, 14, 9, 10, 11, 12, 13, 14, 10, 11, 12, 
13, 14, 11, 12, 13, 14, 12, 13, 14, 13, 14, 14, 8, 9, 10, 11, 
12, 13, 14, 4, 5, 6, 7, 8, 9, 10, 11, 12, 13, 14, 5, 6, 7, 8, 
9, 10, 11, 12, 13, 14, 6, 7, 8, 9, 10, 11, 12, 13, 14, 7, 8, 
9, 10, 11, 12, 13, 14, 8, 9, 10, 11, 12, 13, 14, 9, 10, 11, 12, 
13, 14, 10, 11, 12, 13, 14, 11, 12, 13, 14, 12, 13, 14, 13, 14, 
14, 9, 10, 11, 12, 13, 14, 4, 5, 6, 7, 8, 9, 10, 11, 12, 13, 
14, 5, 6, 7, 8, 9, 10, 11, 12, 13, 14, 6, 7, 8, 9, 10, 11, 12, 
13, 14, 7, 8, 9, 10, 11, 12, 13, 14, 8, 9, 10, 11, 12, 13, 14, 
9, 10, 11, 12, 13, 14, 10, 11, 12, 13, 14, 11, 12, 13, 14, 12, 
13, 14, 13, 14, 14, 10, 11, 12, 13, 14, 4, 5, 6, 7, 8, 9, 10, 
11, 12, 13, 14, 5, 6, 7, 8, 9, 10, 11, 12, 13, 14, 6, 7, 8, 9, 
10, 11, 12, 13, 14, 7, 8, 9, 10, 11, 12, 13, 14, 8, 9, 10, 11, 
12, 13, 14, 9, 10, 11, 12, 13, 14, 10, 11, 12, 13, 14, 11, 12, 
13, 14, 12, 13, 14, 13, 14, 14, 11, 12, 13, 14, 4, 5, 6, 7, 8, 
9, 10, 11, 12, 13, 14, 5, 6, 7, 8, 9, 10, 11, 12, 13, 14, 6, 
7, 8, 9, 10, 11, 12, 13, 14, 7, 8, 9, 10, 11, 12, 13, 14, 8, 
9, 10, 11, 12, 13, 14, 9, 10, 11, 12, 13, 14, 10, 11, 12, 13, 
14, 11, 12, 13, 14, 12, 13, 14, 13, 14, 14, 12, 13, 14, 4, 5, 
6, 7, 8, 9, 10, 11, 12, 13, 14, 5, 6, 7, 8, 9, 10, 11, 12, 13, 
14, 6, 7, 8, 9, 10, 11, 12, 13, 14, 7, 8, 9, 10, 11, 12, 13, 
14, 8, 9, 10, 11, 12, 13, 14, 9, 10, 11, 12, 13, 14, 10, 11, 
12, 13, 14, 11, 12, 13, 14, 12, 13, 14, 13, 14, 14, 13, 14, 4, 
5, 6, 7, 8, 9, 10, 11, 12, 13, 14, 5, 6, 7, 8, 9, 10, 11, 12, 
13, 14, 6, 7, 8, 9, 10, 11, 12, 13, 14, 7, 8, 9, 10, 11, 12, 
13, 14, 8, 9, 10, 11, 12, 13, 14, 9, 10, 11, 12, 13, 14, 10, 
11, 12, 13, 14, 11, 12, 13, 14, 12, 13, 14, 13, 14, 14, 14, 4, 
5, 6, 7, 8, 9, 10, 11, 12, 13, 14, 5, 6, 7, 8, 9, 10, 11, 12, 
13, 14, 6, 7, 8, 9, 10, 11, 12, 13, 14, 7, 8, 9, 10, 11, 12, 
13, 14, 8, 9, 10, 11, 12, 13, 14, 9, 10, 11, 12, 13, 14, 10, 
11, 12, 13, 14, 11, 12, 13, 14, 12, 13, 14, 13, 14, 14, 4, 5, 
6, 7, 8, 9, 10, 11, 12, 13, 14, 5, 6, 7, 8, 9, 10, 11, 12, 13, 
14, 6, 7, 8, 9, 10, 11, 12, 13, 14, 7, 8, 9, 10, 11, 12, 13, 
14, 8, 9, 10, 11, 12, 13, 14, 9, 10, 11, 12, 13, 14, 10, 11, 
12, 13, 14, 11, 12, 13, 14, 12, 13, 14, 13, 14, 14, 5, 6, 7, 
8, 9, 10, 11, 12, 13, 14, 5, 6, 7, 8, 9, 10, 11, 12, 13, 14, 
6, 7, 8, 9, 10, 11, 12, 13, 14, 7, 8, 9, 10, 11, 12, 13, 14, 
8, 9, 10, 11, 12, 13, 14, 9, 10, 11, 12, 13, 14, 10, 11, 12, 
13, 14, 11, 12, 13, 14, 12, 13, 14, 13, 14, 14, 6, 7, 8, 9, 10, 
11, 12, 13, 14, 5, 6, 7, 8, 9, 10, 11, 12, 13, 14, 6, 7, 8, 9, 
10, 11, 12, 13, 14, 7, 8, 9, 10, 11, 12, 13, 14, 8, 9, 10, 11, 
12, 13, 14, 9, 10, 11, 12, 13, 14, 10, 11, 12, 13, 14, 11, 12, 
13, 14, 12, 13, 14, 13, 14, 14, 7, 8, 9, 10, 11, 12, 13, 14, 
5, 6, 7, 8, 9, 10, 11, 12, 13, 14, 6, 7, 8, 9, 10, 11, 12, 13, 
14, 7, 8, 9, 10, 11, 12, 13, 14, 8, 9, 10, 11, 12, 13, 14, 9, 
10, 11, 12, 13, 14, 10, 11, 12, 13, 14, 11, 12, 13, 14, 12, 13, 
