ekmanOrderPairs <-
structure(c(2, 13, 4, 14, 14, 11, 8, 14, 13, 13, 6, 10, 14, 5, 
12, 12, 5, 8, 4, 4, 4, 13, 11, 9, 7, 14, 12, 8, 6, 14, 9, 9, 
13, 10, 5, 6, 14, 9, 10, 10, 13, 13, 12, 12, 7, 7, 6, 8, 8, 10, 
10, 10, 7, 8, 11, 9, 9, 6, 11, 11, 10, 14, 11, 11, 12, 12, 9, 
9, 11, 9, 13, 10, 11, 13, 11, 12, 13, 12, 13, 13, 14, 14, 12, 
10, 12, 12, 14, 14, 14, 14, 1, 12, 3, 13, 13, 10, 7, 12, 11, 
11, 5, 9, 11, 4, 10, 10, 3, 6, 2, 1, 1, 10, 9, 8, 5, 10, 9, 5, 
4, 9, 7, 7, 9, 8, 1, 3, 1, 6, 7, 7, 2, 2, 1, 2, 4, 4, 2, 4, 4, 
6, 6, 1, 2, 2, 2, 5, 5, 1, 7, 7, 2, 4, 8, 8, 8, 8, 2, 3, 3, 4, 
4, 5, 5, 5, 6, 6, 6, 7, 7, 8, 8, 8, 3, 4, 4, 5, 6, 6, 5, 7, 13, 
4, 12, 12, 11, 8, 14, 7, 7, 6, 10, 14, 5, 3, 3, 5, 8, 4, 3, 3, 
13, 11, 9, 7, 14, 12, 8, 6, 14, 5, 5, 13, 10, 5, 6, 14, 14, 14, 
9, 13, 13, 12, 12, 7, 7, 11, 11, 6, 8, 8, 7, 7, 10, 7, 8, 11, 
6, 13, 13, 8, 8, 10, 14, 14, 14, 9, 9, 9, 9, 11, 9, 13, 10, 11, 
13, 11, 12, 13, 12, 13, 13, 10, 10, 12, 10, 12, 12, 11, 11, 14, 
12, 3, 11, 11, 10, 7, 12, 6, 6, 5, 9, 11, 4, 2, 2, 3, 6, 2, 1, 
1, 10, 9, 8, 5, 10, 9, 5, 4, 9, 2, 2, 9, 8, 1, 3, 1, 2, 2, 6, 
1, 1, 1, 2, 3, 3, 1, 1, 2, 3, 3, 1, 1, 1, 2, 2, 2, 1, 3, 3, 1, 
1, 2, 4, 3, 3, 1, 1, 2, 3, 3, 4, 4, 5, 5, 5, 6, 6, 6, 7, 7, 8, 
3, 3, 3, 4, 4, 5, 4, 4, 5, 0, 0, 0, 1, 0, 0, 0, 0, 1, 0, 0, 0, 
0, 0, 1, 0, 0, 0, 0, 1, 0, 0, 0, 0, 0, 0, 0, 0, 0, 0, 1, 0, 0, 
0, 0, 0, 0, 1, 1, 0, 1, 0, 0, 0, 1, 0, 1, 1, 0, 1, 0, 1, 1, 1, 
1, 1, 0, 0, 1, 0, 1, 1, 1, 0, 1, 0, 1, 1, 1, 1, 1, 1, 1, 1, 1, 
1, 1, 1, 1, 1, 1, 0, 1, 1, 1, 1, 1, 0, 1, 1), dim = c(90L, 5L
))
