parties <-
c("GL", "PvdA", "VVD", "D66", "CDA", "SP", "PvdD", "CU", "FVD", 
"SGP")
partiesData <-
structure(list(V1 = c(8L, 4L, 1L, 5L, 2L, 7L, 1L, 9L, 5L, 4L, 
1L, 4L, 5L, 5L, 4L, 1L, 4L, 4L, 6L, 6L, 8L, 10L, 4L, 10L, 8L, 
8L, 6L, 9L, 4L, 2L, 2L, 4L, 5L, 1L, 1L, 10L, 1L, 1L, 1L, 2L, 
6L, 10L, 1L, 3L, 5L, 9L, 9L, 9L, 2L, 4L), V2 = c(5L, 1L, 3L, 
2L, 9L, 5L, 10L, 10L, 2L, 1L, 3L, 10L, 4L, 1L, 10L, 3L, 7L, 1L, 
4L, 1L, 3L, 7L, 1L, 7L, 6L, 7L, 7L, 7L, 8L, 7L, 8L, 7L, 9L, 8L, 
3L, 8L, 3L, 10L, 2L, 9L, 10L, 2L, 7L, 5L, 9L, 8L, 8L, 4L, 8L, 
1L), V3 = c(2L, 1L, 2L, 2L, 9L, 9L, 10L, 9L, 5L, 10L, 5L, 1L, 
8L, 4L, 5L, 9L, 4L, 10L, 5L, 9L, 4L, 6L, 9L, 2L, 5L, 4L, 1L, 
4L, 6L, 9L, 9L, 6L, 9L, 4L, 9L, 3L, 6L, 9L, 10L, 9L, 9L, 6L, 
7L, 10L, 2L, 9L, 6L, 6L, 4L, 9L), V4 = c(9L, 2L, 7L, 7L, 8L, 
10L, 8L, 4L, 9L, 7L, 10L, 10L, 5L, 2L, 2L, 10L, 3L, 7L, 4L, 3L, 
3L, 1L, 8L, 6L, 4L, 1L, 2L, 3L, 4L, 7L, 4L, 4L, 10L, 2L, 7L, 
6L, 7L, 8L, 2L, 8L, 4L, 5L, 5L, 8L, 8L, 10L, 4L, 1L, 7L, 4L), 
    V5 = c(1L, 2L, 2L, 2L, 2L, 1L, 2L, 2L, 2L, 1L, 2L, 1L, 2L, 
    2L, 2L, 2L, 2L, 1L, 2L, 2L, 1L, 2L, 1L, 2L, 2L, 2L, 2L, 2L, 
    1L, 1L, 1L, 1L, 1L, 2L, 1L, 1L, 1L, 2L, 1L, 2L, 2L, 2L, 1L, 
    1L, 1L, 1L, 1L, 1L, 2L, 1L)), class = "data.frame", row.names = c(NA, 
-50L))
partiesXold <-
structure(c(-0.89116424944434292, 0.011274073084010128, 0.76466728289450614, 
0.43508106703724758, 0.70697465148186678, -1.1630578338889628, 
-0.46735725549110541, 0.59494227469010841, -0.22804159120354797, 
0.23668158084022053, -0.59110500290713253, -0.81353607216208323, 
0.27794242551929205, -0.59110500290713186, -0.19719914177856662, 
-0.19719914177856707, -0.81353607216208323, 0.7254704919951247, 
1.1574057452639688, 1.0428617709171788), dim = c(10L, 2L), dimnames = list(
    c("GL", "PvdA", "VVD", "D66", "CDA", "SP", "PvdD", "CU", 
    "FVD", "SGP"), NULL))
