cetacea <-
structure(list(NECK = c(0L, 0L, 0L, 1L, 0L, 1L, 0L, 0L, 0L, 0L, 
0L, 1L, 1L, 0L, 0L, 1L, 0L, 0L, 1L, 1L, 0L, 0L, 1L, 0L, 0L, 0L, 
1L, 0L, 0L, 0L, 0L, 0L, 1L, 0L, 0L, 0L), `FORM OF THE HEAD` = c(5L, 
4L, 4L, 2L, 1L, 3L, 2L, 1L, 5L, 3L, 3L, 2L, 2L, 0L, 2L, 2L, 1L, 
4L, 1L, 3L, 1L, 1L, 3L, 3L, 1L, 0L, 2L, 3L, 2L, 2L, 2L, 1L, 2L, 
3L, 2L, 1L), `SIZE OF THE HEAD` = c(0L, 0L, 0L, 1L, 1L, 1L, 1L, 
0L, 0L, 1L, 1L, 1L, 1L, 0L, 1L, 1L, 1L, 0L, 1L, 1L, 0L, 1L, 1L, 
1L, 1L, 0L, 1L, 1L, 1L, 1L, 1L, 1L, 1L, 1L, 1L, 1L), BEAK = c(0L, 
0L, 0L, 2L, 1L, 0L, 2L, 0L, 0L, 0L, 0L, 2L, 3L, 0L, 2L, 3L, 1L, 
0L, 2L, 0L, 0L, 0L, 0L, 0L, 0L, 0L, 3L, 0L, 2L, 2L, 2L, 2L, 3L, 
2L, 2L, 2L), `DORSAL FIN` = c(0L, 3L, 3L, 2L, 2L, 0L, 2L, 0L, 
0L, 2L, 2L, 2L, 1L, 1L, 2L, 1L, 0L, 3L, 2L, 0L, 3L, 0L, 2L, 2L, 
1L, 0L, 1L, 2L, 2L, 2L, 2L, 2L, 1L, 2L, 2L, 2L), FLIPPERS = c(1L, 
0L, 3L, 0L, 2L, 1L, 2L, 3L, 1L, 3L, 3L, 0L, 1L, 0L, 2L, 1L, 2L, 
3L, 0L, 1L, 0L, 0L, 0L, 1L, 0L, 0L, 1L, 3L, 2L, 2L, 2L, 2L, 1L, 
0L, 2L, 0L), `SET OF TEETH` = c(2L, 4L, 4L, 0L, 1L, 1L, 1L, 3L, 
2L, 1L, 0L, 0L, 1L, 0L, 1L, 1L, 1L, 4L, 0L, 0L, 2L, 1L, 1L, 1L, 
1L, 0L, 1L, 1L, 1L, 1L, 1L, 1L, 1L, 0L, 1L, 0L), FEEDING = c(3L, 
3L, 3L, 0L, 0L, 1L, 1L, 3L, 3L, 0L, 0L, 0L, 1L, 0L, 1L, 1L, 1L, 
3L, 0L, 0L, 3L, 1L, 1L, 2L, 1L, 0L, 1L, 0L, 1L, 1L, 1L, 1L, 1L, 
0L, 1L, 0L), `BLOW HOLE` = c(3L, 3L, 3L, 2L, 1L, 1L, 1L, 3L, 
3L, 1L, 1L, 2L, 2L, 0L, 1L, 0L, 1L, 3L, 2L, 1L, 3L, 1L, 1L, 1L, 
1L, 0L, 2L, 1L, 1L, 1L, 1L, 1L, 2L, 2L, 1L, 2L), COLOR = c(4L, 
0L, 3L, 0L, 4L, 2L, 0L, 3L, 1L, 3L, 0L, 0L, 0L, 0L, 0L, 0L, 0L, 
3L, 0L, 3L, 0L, 3L, 1L, 3L, 0L, 0L, 1L, 1L, 2L, 0L, 3L, 0L, 1L, 
0L, 0L, 3L), `CERVICAL VERTEBRAE` = c(1L, 0L, 0L, 1L, 1L, 0L, 
1L, 0L, 1L, 1L, 1L, 1L, 0L, 1L, 1L, 0L, 1L, 0L, 1L, 0L, 1L, 1L, 
1L, 1L, 1L, 1L, 0L, 1L, 1L, 1L, 1L, 1L, 0L, 1L, 1L, 1L), `LACRYMAL AND JUGAL BONES` = c(-1L, 
-1L, -1L, 1L, 1L, 1L, 1L, -1L, -1L, 1L, 1L, 1L, 0L, -1L, 1L, 
0L, 1L, -1L, 1L, 1L, -1L, 1L, 1L, 1L, 1L, 0L, 0L, 1L, 1L, 1L, 
1L, 1L, 0L, 1L, 1L, 1L), HABITAT = c(2L, 4L, 4L, 2L, 2L, 2L, 
1L, 4L, 2L, 1L, 4L, 4L, 0L, 4L, 2L, 0L, 1L, 4L, 4L, 2L, 2L, 4L, 
3L, 2L, 4L, 1L, 0L, 4L, 3L, 3L, 4L, 1L, 0L, 2L, 4L, 4L), `LONGITUDINAL FURROWS ON THE THROAT` = c(0L, 
2L, 2L, 1L, 0L, 0L, 0L, 1L, 0L, 0L, 0L, 1L, 0L, 0L, 0L, 0L, 0L, 
2L, 1L, 0L, 0L, 0L, 0L, 0L, 0L, 0L, 0L, 0L, 0L, 0L, 0L, 0L, 0L, 
1L, 0L, 1L), `HEAD BONES` = c(0L, 0L, 0L, 2L, 1L, 2L, 1L, 0L, 
0L, 1L, 1L, 2L, -1L, 3L, 1L, -1L, 1L, 0L, 2L, 2L, 0L, 1L, 1L, 
1L, 1L, 3L, 1L, 1L, 1L, 1L, 1L, 1L, -1L, 2L, 1L, 2L)), class = "data.frame", row.names = c("Bowhead whales", 
"Rorquals", "Blue whale", "Giant bottle-nosed whales", "Commerson's Dolphins", 
"White whales", "Common dolphins", "Grey whales", "Right whales", 
"Pilot whales", "Risso's dolphins", "Bottle-nosed whales", "Amazon dolphins", 
"Pygmy sperm whales", "White-sided dolphins", "Chinese river dolphins", 
"Right whale dolphins", "Humpback whales", "Sowerby's whales", 
"Narwhals", "Pygmy right whales", "Finless black porpoises", 
"Irawady dolphins", "Killer whales", "Common porpoises", "Sperm whales", 
"Gangetic dolphins", "False killer whales", "Guyanian river dolphins", 
"Cameroun's dolphins", "Spotted dolphins", "Rough toothed dolphins", 
"La Plata's dolphins", "Shepherd's beaked whales", "Bottle-nosed dolphins", 
"Goosebeak whales"))
