wish53301 <-
list(nobj = 12L, ndim = 3L, name = "wish", snew = 0.49915768960934614, 
    itel = 2625, xnew = c(0.30764272737775855, -0.6673404032765462, 
    0.32139204390383791, -0.37794959451390153, -0.72005695761601929, 
    -0.028694296728217383, -0.50091532997388921, -0.17314635877420995, 
    0.38220581623754468, -0.36163288490153594, -0.12640192752254639, 
    -0.41047740643852743, 0.28543010156477511, 0.020640323410030498, 
    0.51966983440902226, -0.014482436396960468, -0.28983226629088521, 
    -0.50805162203803866, 0.57988380175032783, 0.020472433852861616, 
    -0.37929306334597673, 0.42085552971542572, 0.49214409760732081, 
    -0.26141453351156235, -0.70351521413313056, 0.34432610975494138, 
    -0.09397995732657155, -0.14054917892110858, 0.47794979820953121, 
    0.13380148990795843, 0.71336216155815746, 0.09122374178808644, 
    0.10232383419915454, -0.20812968312591812, 0.53002140885743498, 
    0.22251786073137611), evec = c(0.80541349168344467, 0.76689460056946357, 
    0.84570333800994513, 1.2316803292115217, 0.79181826572835279, 
    0.77892558643718812, 0.81844825183787828, 1.0201628057596734, 
    0.97845941884551213, 0.81079430489303495, 0.85866704461510779, 
    0.80541349168344467, 1.0201628057596734, 0.60457443596389082, 
    1.2316803292115217, 1.0876120976220023, 1.2624261343234371, 
    1.1735506989194728, 0.82586713861067862, 1.0201628057596734, 
    0.97845941884551213, 1.2124190253573637, 1.2464460885271333, 
    1.3335927556692435, 1.0876120976220023, 0.93942613915426554, 
    0.85866704461510779, 0.80541349168344467, 1.4418392831592481, 
    1.0201628057596734, 0.7238141946636002, 0.8865932076108386, 
    1.1508744746048452, 0.97845941884551213, 1.3247784116015207, 
    0.95677601526264, 1.3155800629901107, 1.2464460885271333, 
    0.73866358239731933, 0.8865932076108386, 0.78763268541722686, 
    0.85866704461510779, 0.95677601526264, 0.83607205137868856, 
    0.65072499450648669, 0.74919864781700096, 1.4418392831592481, 
    1.2968515137643799, 1.2624261343234371, 0.55305723621034564, 
    0.9196051812690913, 0.55305723621034564, 0.49165021440573908, 
    1.397362651351147, 0.79181826572835279, 1.2968515137643799, 
    1.2124190253573637, 0.78393745976267259, 0.9196051812690913, 
    0.81844825183787828, 1.0201628057596734, 0.8732231447902159, 
    0.9196051812690913, 0.78763268541722686, 0.13193709372744544, 
    1.1917173456548389), dvec = c(0.77160631985188377, 0.94957474726074287, 
    0.69503286113535534, 1.1296801193644692, 0.70601053294404259, 
    0.80618318815917889, 0.71632741343977302, 1.1355211594711567, 
    0.82145527704528887, 1.1425785844616247, 0.96656805740639573, 
    0.73958441396746477, 1.0211713212637819, 0.39590862212980638, 
    1.114698233345649, 1.0189020173781285, 1.2604555088467952, 
    1.3362243612511877, 0.95341397751839774, 0.94595840356747785, 
    0.68274372821514573, 1.3026453673512646, 1.4702651915175391, 
    1.306338418533225, 1.0085172503725284, 0.92236036638722485, 
    0.92835124380330603, 0.51152663419535582, 1.4894439954815297, 
    1.1149737684196122, 0.7318315104529507, 0.66229830696923242, 
    1.2080361719003665, 1.023903490677138, 1.3540302086114471, 
    1.1463394193944174, 1.244088359579139, 1.2320649435000577, 
    0.7845346887186363, 0.84282769914943423, 0.73449620995118692, 
    1.008641432548719, 0.9957787099133576, 0.68671131502415583, 
    0.6218282999532988, 0.88770417479727737, 1.3661271803160928, 
    1.2738505800848137, 1.2107602546562739, 0.60190161223516125, 
    1.0234840680940227, 0.50475445130531627, 0.6153071278045279, 
    1.4526312281455456, 0.93792988166669555, 1.307468008286079, 
    1.2863289908434257, 0.77824712499950544, 0.92473663156549057, 
    0.76900562204448153, 1.1150744701471214, 1.1148012372678164, 
    0.7945109507604734, 0.61649041945151439, 0.12308197120667723, 
    1.0276853684171978), wvec = numeric(0), delta = c(4.1699999999999999, 
    3.7200000000000002, 4.4400000000000004, 5.5599999999999996, 
    4, 3.8300000000000001, 4.2800000000000002, 5, 4.8899999999999997, 
    4.2199999999999998, 4.5, 4.1699999999999999, 5, 3.1699999999999999, 
    5.5599999999999996, 5.1699999999999999, 5.6699999999999999, 
    5.3899999999999997, 4.3300000000000001, 5, 4.8899999999999997, 
    5.5, 5.6100000000000003, 6.0599999999999996, 5.1699999999999999, 
    4.7800000000000002, 4.5, 4.1699999999999999, 6.6100000000000003, 
    5, 3.5, 4.6100000000000003, 5.3300000000000001, 4.8899999999999997, 
    6, 4.8300000000000001, 5.9400000000000004, 5.6100000000000003, 
    3.5600000000000001, 4.6100000000000003, 3.9399999999999999, 
    4.5, 4.8300000000000001, 4.3899999999999997, 3.2799999999999998, 
    3.6099999999999999, 6.6100000000000003, 5.8300000000000001, 
    5.6699999999999999, 3.0600000000000001, 4.7199999999999998, 
    3.0600000000000001, 2.9399999999999999, 6.4400000000000004, 
    4, 5.8300000000000001, 5.5, 3.8900000000000001, 4.7199999999999998, 
    4.2800000000000002, 5, 4.5599999999999996, 4.7199999999999998, 
    3.9399999999999999, 2.3300000000000001, 5.4400000000000004
    ), haveweights = 0L, ordinal = 1L, degree = 3L, innerKnots = c(3.5933333333333333, 
    4.1866666666666665, 4.5599999999999996, 5.1133333333333333, 
    5.6300000000000008),