wishMetric <-
list(nobj = 12L, ndim = 3L, name = "wish", snew = 14.323771856315677, 
    itel = 10, xnew = c(1.4321749118820855, -2.9329660934207156, 
    1.5823683060938032, -1.55429918690807, -3.3886638388473354, 
    -0.17438194515342489, -2.3391884724170668, -0.74334862327296591, 
    1.722972180312851, -1.7795217101752894, -0.98110797611720679, 
    -1.8223755834919395, 1.3887124679295237, 0.1957905891282615, 
    2.5715379763654633, -0.16270417074083146, -1.0600051192207525, 
    -2.8299202810865709, 2.849940360638227, -0.38348433291439837, 
    -1.5813094619042065, 1.862932128257196, 2.3017389548001552, 
    -1.6228606035557505, -3.1748139178408228, 1.7833902855325972, 
    -0.5441643014051627, -0.65032706876737933, 2.3952036350074368, 
    0.40159818168538591, 3.2525690300445795, 0.58598569543376855, 
    0.54497214633077662, -1.1254743719021512, 2.2274668238911555, 
    1.7515633858087758), evec = c(4.1699999999999999, 3.7200000000000002, 
    4.4400000000000004, 5.5599999999999996, 4, 3.8300000000000001, 
    4.2800000000000002, 5, 4.8899999999999997, 4.2199999999999998, 
    4.5, 4.1699999999999999, 5, 3.1699999999999999, 5.5599999999999996, 
    5.1699999999999999, 5.6699999999999999, 5.3899999999999997, 
    4.3300000000000001, 5, 4.8899999999999997, 5.5, 5.6100000000000003, 
    6.0599999999999996, 5.1699999999999999, 4.7800000000000002, 
    4.5, 4.1699999999999999, 6.6100000000000003, 5, 3.5, 4.6100000000000003, 
    5.3300000000000001, 4.8899999999999997, 6, 4.8300000000000001, 
    5.9400000000000004, 5.6100000000000003, 3.5600000000000001, 
    4.6100000000000003, 3.9399999999999999, 4.5, 4.8300000000000001, 
    4.3899999999999997, 3.2799999999999998, 3.6099999999999999, 
    6.6100000000000003, 5.8300000000000001, 5.6699999999999999, 
    3.0600000000000001, 4.7199999999999998, 3.0600000000000001, 
    2.9399999999999999, 6.4400000000000004, 4, 5.8300000000000001, 
    5.5, 3.8900000000000001, 4.7199999999999998, 4.2800000000000002, 
    5, 4.5599999999999996, 4.7199999999999998, 3.9399999999999999, 
    2.3300000000000001, 5.4400000000000004), dvec = c(3.4946901755647204, 
    4.3631841459482308, 3.3486857806727692, 5.0711957422179834, 
    2.9262490408639659, 3.597116506444952, 3.2816861518455043, 
    5.3897780438658209, 3.9369139934137496, 5.5433991748463392, 
    5.0517237331059954, 3.7961917727012944, 5.0563015156274753, 
    1.906690859228064, 5.7584431711051725, 4.3033444127290066, 
    5.5143335855242439, 6.1623727187353516, 4.674097341625794, 
    4.4403702813256922, 3.3305759899050447, 6.1531439999874511, 
    6.7938386968741238, 6.1745423246064295, 4.9075819060066666, 
    4.7172960742741719, 4.106277961871788, 2.8611773543499588, 
    6.9275179177856767, 5.4325823371285047, 3.4960816959917156, 
    3.3500917995020472, 5.7492474771356266, 4.731002320333034, 
    6.4860372965369244, 5.1779490418679313, 5.8412691464306405, 
    5.8823500110078628, 3.8011567138100668, 4.197692216182177, 
    3.7018561143206057, 4.755938940021303, 4.8892639142755776, 
    3.2285663708548538, 2.7643834936857052, 4.095491085329555, 
    6.2786376933571821, 5.8670747206158351, 5.7777205771063755, 
    2.7808600411722093, 5.0757537070438161, 2.3712982644137517, 
    3.0942525425886291, 6.6280651409702243, 4.3042332191384487, 
    5.7619670884097971, 5.9526531698706791, 3.2093089280917471, 
    4.847243538779245, 3.3348466407980024, 5.7205236497213283, 
    5.8076698991889852, 4.5080846287113117, 3.1092381961357192, 
    1.4409395024856566, 4.82882871342483), wvec = numeric(0), 
    delta = c(4.1699999999999999, 3.7200000000000002, 4.4400000000000004, 
    5.5599999999999996, 4, 3.8300000000000001, 4.2800000000000002, 
    5, 4.8899999999999997, 4.2199999999999998, 4.5, 4.1699999999999999, 
    5, 3.1699999999999999, 5.5599999999999996, 5.1699999999999999, 
    5.6699999999999999, 5.3899999999999997, 4.3300000000000001, 
    5, 4.8899999999999997, 5.5, 5.6100000000000003, 6.0599999999999996, 
    5.1699999999999999, 4.7800000000000002, 4.5, 4.1699999999999999, 
    6.6100000000000003, 5, 3.5, 4.6100000000000003, 5.3300000000000001, 
    4.8899999999999997, 6, 4.8300000000000001, 5.9400000000000004, 
    5.6100000000000003, 3.5600000000000001, 4.6100000000000003, 
    3.9399999999999999, 4.5, 4.8300000000000001, 4.3899999999999997, 
    3.2799999999999998, 3.6099999999999999, 6.6100000000000003, 
    5.8300000000000001, 5.6699999999999999, 3.0600000000000001, 
    4.7199999999999998, 3.0600000000000001, 2.9399999999999999, 
    6.4400000000000004, 4, 5.8300000000000001, 5.5, 3.8900000000000001, 
    4.7199999999999998, 4.2800000000000002, 5, 4.5599999999999996, 
    4.7199999999999998, 3.9399999999999999, 2.3300000000000001, 
    5.4400000000000004), haveweights = 0L, ordinal = 1L, degree = 3L, 
    innerKnots = numeric(0), intercept = 1L, anchor = 0L, basis = numeric(0), 
    coef = numeric(0), transform = 0L)
