wish <-
structure(c(0, 4.1699999999999999, 3.7199999999999998, 5.5600000000000005,
4.2800000000000002, 4.5, 5.1699999999999999, 5.5, 6.6099999999999994,
5.9399999999999995, 3.6100000000000003, 5.8300000000000001, 4.1699999999999999,
0, 4.4400000000000004, 4, 5, 4.1699999999999999, 5.6699999999999999,
5.6099999999999994, 5, 5.6099999999999994, 6.6099999999999994,
5.5, 3.7199999999999998, 4.4400000000000004, 0, 3.8300000000000001,
4.8899999999999997, 5, 5.3900000000000006, 6.0600000000000005,
3.5, 3.5599999999999996, 5.8300000000000001, 3.8899999999999997,
5.5600000000000005, 4, 3.8300000000000001, 0, 4.2199999999999998,
3.1699999999999999, 4.3300000000000001, 5.1699999999999999, 4.6100000000000003,
4.6100000000000003, 5.6699999999999999, 4.7199999999999998, 4.2800000000000002,
5, 4.8899999999999997, 4.2199999999999998, 0, 5.5600000000000005,
5, 4.7800000000000002, 5.3300000000000001, 3.9400000000000004,
3.0599999999999996, 4.2800000000000002, 4.5, 4.1699999999999999,
5, 3.1699999999999999, 5.5600000000000005, 0, 4.8899999999999997,
4.5, 4.8899999999999997, 4.5, 4.7199999999999998, 5, 5.1699999999999999,
5.6699999999999999, 5.3900000000000006, 4.3300000000000001, 5,
4.8899999999999997, 0, 4.1699999999999999, 6, 4.8300000000000001,
3.0599999999999996, 4.5599999999999996, 5.5, 5.6099999999999994,
6.0600000000000005, 5.1699999999999999, 4.7800000000000002, 4.5,
4.1699999999999999, 0, 4.8300000000000001, 4.3899999999999997,
2.9400000000000004, 4.7199999999999998, 6.6099999999999994, 5,
3.5, 4.6100000000000003, 5.3300000000000001, 4.8899999999999997,
6, 4.8300000000000001, 0, 3.2800000000000002, 6.4399999999999995,
3.9400000000000004, 5.9399999999999995, 5.6099999999999994, 3.5599999999999996,
4.6100000000000003, 3.9400000000000004, 4.5, 4.8300000000000001,
4.3899999999999997, 3.2800000000000002, 0, 4, 2.3300000000000001,
3.6100000000000003, 6.6099999999999994, 5.8300000000000001, 5.6699999999999999,
3.0599999999999996, 4.7199999999999998, 3.0599999999999996, 2.9400000000000004,
6.4399999999999995, 4, 0, 5.4399999999999995, 5.8300000000000001,
5.5, 3.8899999999999997, 4.7199999999999998, 4.2800000000000002,
5, 4.5599999999999996, 4.7199999999999998, 3.9400000000000004,
2.3300000000000001, 5.4399999999999995, 0), dim = c(12L, 12L), dimnames = list(
    c("Brazil", "Congo", "Cuba", "Egypt", "France", "India",
    "Israel", "Japan", "China", "USSR", "U.S.A.", "Yugoslavia"
    ), c("Brazil", "Congo", "Cuba", "Egypt", "France", "India",
    "Israel", "Japan", "China", "USSR", "U.S.A.", "Yugoslavia"
    )))

