wish3003 <-
list(nobj = 12L, ndim = 3L, name = "wish", snew = 0.4454728980508918, 
    itel = 429, xnew = c(0.27168291722874444, -0.65178176370764884, 
    0.34419616182646856, -0.37712774387827458, -0.74927503443570198, 
    -0.020147555390659776, -0.54723112690135389, -0.13684759643011568, 
    0.35217069639928472, -0.35474574406033965, -0.11412858197253564, 
    -0.42270629854429892, 0.23003013530566205, 0.057024431915378163, 
    0.55777828921287309, 0.11334967104890849, -0.39767144689901013, 
    -0.42189472105901005, 0.36665208208209116, 0.25665311901694765, 
    -0.58232928706912501, 0.61128433188445241, 0.23413669107078083, 
    0.0040199267913923311, -0.71099720127826782, 0.30275159775969651, 
    -0.001168939078934408, -0.13393408142264251, 0.51556861246492369, 
    0.067437826040289209, 0.69722541715778719, 0.12518612595741024, 
    0.042560124632765976, -0.16618865716676723, 0.55838384525987528, 
    0.080083776238954268), evec = c(0.80957610799280033, 0.80957610799280033, 
    0.80957610799279989, 1.1468556705799491, 0.80957610799280033, 
    0.80957610799280033, 0.80957610799280033, 1.1416532637885319, 
    0.97833183328257944, 0.80957610799280033, 0.85323322046757788, 
    0.80957610799280033, 1.1416532637885319, 0.63426686797333087, 
    1.1468556705799491, 1.1416532637885319, 1.2901732277339231, 
    1.1468556705799491, 0.80957610799279989, 1.1416532637885319, 
    0.97833183328257944, 1.1468556705799491, 1.2901732277339235, 
    1.2901732277339231, 1.1416532637885319, 0.85323322046757788, 
    0.85323322046757788, 0.80957610799280033, 1.4065129888005519, 
    1.1416532637885319, 0.63426686797333109, 0.8532332204675781, 
    1.1416532637885319, 0.97833183328257944, 1.2901732277339231, 
    0.97833183328257944, 1.2901732277339231, 1.2901732277339235, 
    0.80957610799280033, 0.8532332204675781, 0.80957610799280033, 
    0.85323322046757788, 0.97833183328257944, 0.80957610799279989, 
    0.63426686797333109, 0.80957610799280055, 1.4065129888005519, 
    1.2901732277339231, 1.2901732277339231, 0.63426686797333087, 
    0.85323322046757788, 0.63426686797333087, 0, 1.4065129888005519, 
    0.80957610799280033, 1.2901732277339231, 1.1468556705799491, 
    0.80957610799280033, 0.85323322046757788, 0.80957610799280033, 
    1.1416532637885319, 0.8532332204675781, 0.85323322046757788, 
    0.80957610799280033, 0, 1.1468556705799491), dvec = c(0.75047088956133101, 
    0.96738875407199776, 0.73662976341843744, 1.1267755744765953, 
    0.75230679359011032, 0.79874973146673045, 0.74145701313995482, 
    1.1630811672251768, 0.82704045567616458, 1.1543856418374878, 
    0.82251851699197831, 0.72497859447357282, 1.050510990946268, 
    0.54727555450159371, 1.0863341474910626, 1.3010466885838397, 
    1.3715495539160396, 1.3650331687624619, 0.82666401386371968, 
    1.1654880756792367, 0.71975134523471629, 1.0079188956636331, 
    1.3945038976540154, 1.2653048518822658, 1.1120243160232979, 
    0.69524947947034765, 0.91023279270733526, 0.63573369248897493, 
    1.4128238412436651, 1.1038972041408865, 0.58729522103371312, 
    0.69166316256434202, 1.1217558969077095, 1.1606680796107545, 
    1.225234833713754, 1.3240707619655769, 1.2664230046759026, 
    1.2909855954284941, 0.82312463509074985, 0.82795990839171918, 
    0.76365338105635761, 1.0651774509039047, 0.8601285026775588, 
    0.79910965446344495, 0.61886978781135937, 0.9358150563815244, 
    1.3866684134277261, 1.3088897844621887, 1.1748990160869952, 
    0.69883274467705114, 0.91104842465923752, 0.71906124703276864, 
    0.14401889676752011, 1.4200467143246978, 0.91860954593319033, 
    1.3137684990180238, 1.3283498649789607, 0.83819533127911816, 
    0.86059549098305665, 0.79783622416059663, 1.1154218082663387, 
    0.90208189816864626, 0.84580504544294688, 0.60726122834033736, 
    0.055076509258907266, 0.96672237595932731), wvec = numeric(0), 
    delta = c(4.1699999999999999, 3.7200000000000002, 4.4400000000000004, 
    5.5599999999999996, 4, 3.8300000000000001, 4.2800000000000002, 
    5, 4.8899999999999997, 4.2199999999999998, 4.5, 4.1699999999999999, 
    5, 3.1699999999999999, 5.5599999999999996, 5.1699999999999999, 
    5.6699999999999999, 5.3899999999999997, 4.3300000000000001, 
    5, 4.8899999999999997, 5.5, 5.6100000000000003, 6.0599999999999996, 
    5.1699999999999999, 4.7800000000000002, 4.5, 4.1699999999999999, 
    6.6100000000000003, 5, 3.5, 4.6100000000000003, 5.3300000000000001, 
    4.8899999999999997, 6, 4.8300000000000001, 5.9400000000000004, 
    5.6100000000000003, 3.5600000000000001, 4.6100000000000003, 
    3.9399999999999999, 4.5, 4.8300000000000001, 4.3899999999999997, 
    3.2799999999999998, 3.6099999999999999, 6.6100000000000003, 
    5.8300000000000001, 5.6699999999999999, 3.0600000000000001, 
    4.7199999999999998, 3.0600000000000001, 2.9399999999999999, 
    6.4400000000000004, 4, 5.8300000000000001, 5.5, 3.8900000000000001, 
    4.7199999999999998, 4.2800000000000002, 5, 4.5599999999999996, 
    4.7199999999999998, 3.9399999999999999, 2.3300000000000001, 
    5.4400000000000004), haveweights = 0L, ordinal = 1L, degree = 0L, 
    innerKnots = c(2.9748387096774196, 3.1238709677419356, 3.2658064516129031, 
    3.5096774193548388, 3.5825806451612903, 3.6916129032258067, 
    3.8319354838709678, 3.9061290322580646, 3.9767741935483869, 
    4.153548387096774, 4.2316129032258063, 4.3041935483870972, 
    4.3764516129032254, 4.4438709677419359, 4.5212903225806453, 
    4.5922580645161295, 4.7129032258064516, 4.7912903225806449, 
    4.8609677419354833, 4.9787096774193547, 5.185483870967742, 
    5.3532258064516132, 5.4238709677419354, 5.4980645161290322, 
    5.572903225806451, 5.6429032258064513, 5.8041935483870972, 
    5.9477419354838714, 6.0251612903225809, 6.32967741935484),