hoogeveen0 <-
structure(list(V1 = c(2L, 2L, 2L, 2L, 4L, 2L, 3L, 1L, 1L, 2L,
3L, 1L, 1L, 3L, 1L, 1L, 3L, 1L, 3L, 2L), V2 = c(3L, 3L, 3L, 3L,
5L, 5L, 5L, 3L, 2L, 5L, 5L, 3L, 2L, 5L, 5L, 3L, 5L, 5L, 5L, 5L
), V3 = c(3L, 4L, 3L, 2L, 1L, 1L, 4L, 1L, 2L, 2L, 3L, 2L, 2L,
2L, 1L, 3L, 1L, 1L, 2L, 2L), V4 = c(4L, 5L, 5L, 4L, 2L, 2L, 5L,
2L, 4L, 4L, 4L, 3L, 5L, 5L, 4L, 4L, 2L, 4L, 3L, 4L), V5 = c(0L,
2L, 0L, 0L, 0L, 2L, 0L, 0L, 0L, 0L, 0L, 0L, 0L, 0L, 0L, 0L, 0L,
0L, 2L, 0L)), class = "data.frame", row.names = c(NA, -20L))

names <-
  c("Wim", "Zus", "Jet", "Teun", "Gijs")
