** delta
  +0.0000000000  +1.0000000000  +2.0000000000  +1.0000000000
  +1.0000000000  +0.0000000000  +1.0000000000  +2.0000000000
  +2.0000000000  +1.0000000000  +0.0000000000  +1.0000000000
  +1.0000000000  +2.0000000000  +1.0000000000  +0.0000000000


** xini
  +1.0000000000  +1.0000000000
  +1.0000000000  -1.0000000000
  -1.0000000000  +1.0000000000
  -1.0000000000  -1.0000000000


delta
 +0.0000 +1.0000 +2.0000 +1.0000
 +1.0000 +0.0000 +1.0000 +2.0000
 +2.0000 +1.0000 +0.0000 +1.0000
 +1.0000 +2.0000 +1.0000 +0.0000


delta normalized
 +0.0000 +0.7071 +1.4142 +0.7071
 +0.7071 +0.0000 +0.7071 +1.4142
 +1.4142 +0.7071 +0.0000 +0.7071
 +0.7071 +1.4142 +0.7071 +0.0000


jacobi ** cross
  +0.3750000000  +0.1250000000  -0.6250000000  +0.1250000000
  +0.1250000000  +0.3750000000  +0.1250000000  -0.6250000000
  -0.6250000000  +0.1250000000  +0.3750000000  +0.1250000000
  +0.1250000000  -0.6250000000  +0.1250000000  +0.3750000000


itel   1 fold    0.5625000000 fnew    2.1765151728
itel   2 fold    2.1765151728 fnew    2.2499942139
itel   3 fold    2.2499942139 fnew    2.2500000000
itel   4 fold    2.2500000000 fnew    2.2500000000
jacobi ** evec
  +0.2923995108  -0.6438187059  +0.5000000000  -0.5000000000
  +0.6438187059  +0.2923995108  +0.5000000000  +0.5000000000
  -0.2923995108  +0.6438187059  +0.5000000000  -0.5000000000
  -0.6438187059  -0.2923995108  +0.5000000000  +0.5000000000


jacobi ** eval
   1.0000000000    1.0000000000   -0.0000000000   -0.5000000000 xini
 +0.1995 -0.4392
 +0.3336 +0.0200
 -0.1020 +0.1836
 -0.2656 -0.2521


dini
 +0.0000 +0.4784 +0.6919 +0.5012
 +0.4784 +0.0000 +0.4653 +0.6580
 +0.6919 +0.4653 +0.0000 +0.4653
 +0.5012 +0.6580 +0.4653 +0.0000


xold
 +0.1995 -0.4392
 +0.3336 +0.0200
 -0.1020 +0.1836
 -0.2656 -0.2521


dold
 +0.0000 +0.4784 +0.6919 +0.5012
 +0.4784 +0.0000 +0.4653 +0.6580
 +0.6919 +0.4653 +0.0000 +0.4653
 +0.5012 +0.6580 +0.4653 +0.0000


bold
 +0.4111 -0.1232 -0.1703 -0.1176
 -0.1232 +0.4289 -0.1266 -0.1791
 -0.1703 -0.1266 +0.4236 -0.1266
 -0.1176 -0.1791 -0.1266 +0.4233


** sold    0.2175309641
itel   1 sold 0.2175309641 snew 0.8448855263 sdif -0.6273545622 rmsd +0.2227095664 rate 0.0000000000 ddiff 0.5902867668
itel   2 sold 0.8448855263 snew 0.9062346092 sdif -0.0613490829 rmsd +0.0174327433 rate 0.0782756823 ddiff 0.6336101013
